SourceNode	TargetNode	Weight
7391	6277	1
6774	9021	1
4609	7417	1
4609	6723	1
4609	5478	1
3725	6520	1
3725	4318	1
2353	3678	1
7528	741	1
7528	6434	1
7528	134549	1
7528	5691	1
7528	5515	1
7528	5478	1
7528	4758	1
7528	51537	1
7528	11133	1
7528	3421	1
7528	8943	1
7528	10096	1
7391	23503	1
7391	7317	1
7391	8859	1
7391	29886	1
7391	26793	1
7391	6097	1
7391	5916	1
7391	8495	1
7391	56675	1
7391	79157	1
7391	84515	1
7391	84445	1
7391	79836	1
7391	23415	1
7391	3669	1
7391	3482	1
7391	721	1
7391	50650	1
6776	5292	1
6776	896	1
6774	4609	1
6722	7429	1
6722	64857	1
6722	10398	1
6722	4026	1
6722	3757	1
6722	1847	1
6722	57124	1
6722	71	1
4800	7867	1
4800	9772	1
4800	9844	1
4800	11261	1
4800	145645	1
4791	1385	1
4609	92092	1
4609	127733	1
4609	7249	1
4609	6829	1
4609	10147	1
4609	6774	1
4609	5250	1
4609	6004	1
4609	8438	1
4609	65263	1
4609	5138	1
4609	220323	1
4609	10528	1
4609	80155	1
4609	10200	1
4609	4154	1
4609	4141	1
4609	22919	1
4609	3939	1
4609	9903	1
4609	3189	1
4609	664709	1
4609	2794	1
4609	2314	1
4609	64773	1
4609	3995	1
4609	8818	1
4609	55172	1
4609	1736	1
4609	11325	1
4609	118881	1
4609	79019	1
4609	8851	1
4609	8881	1
4609	83638	1
4609	55299	1
4609	8553	1
4609	22926	1
4609	116988	1
4149	84450	1
4149	84669	1
4149	9898	1
4149	81567	1
4149	55000	1
4149	7277	1
4149	54822	1
4149	9797	1
4149	6542	1
4149	84255	1
4149	79596	1
4149	53917	1
4149	169714	1
4149	5725	1
4149	10197	1
4149	57645	1
4149	8985	1
4149	55795	1
4149	8996	1
4149	4784	1
4149	284086	1
4149	10943	1
4149	55167	1
4149	4289	1
4149	56339	1
4149	90411	1
4149	645212	1
4149	338799	1
4149	284023	1
4149	51176	1
4149	8570	1
4149	7403	1
4149	284058	1
4149	25959	1
4149	3609	1
4149	2799	1
4149	201163	1
4149	10922	1
4149	64855	1
4149	2118	1
4149	1843	1
4149	22826	1
4149	1654	1
4149	4850	1
4149	10370	1
4149	51265	1
4149	1019	1
4149	8030	1
4149	790	1
4149	90871	1
4149	84798	1
4149	79650	1
4149	9184	1
4149	2186	1
4149	552900	1
4149	127002	1
4149	533	1
4149	226	1
4149	11215	1
3725	7316	1
3725	5874	1
3725	23207	1
3725	5339	1
3725	4313	1
3725	22806	1
3725	1495	1
3725	1153	1
3725	283149	1
3172	55200	1
3172	8514	1
3172	7464	1
3091	7422	1
2623	51222	1
2623	79680	1
2353	219743	1
2353	10221	1
2353	5914	1
2353	9659	1
2353	9891	1
2353	26959	1
2353	2950	1
2353	2152	1
2353	64651	1
2353	83446	1
2353	481	1
1958	116238	1
1958	8835	1
1958	51773	1
1958	51093	1
1958	25897	1
1958	5763	1
1958	4905	1
1958	51315	1
1958	3622	1
1958	3615	1
1958	79571	1
1958	11124	1
1958	8655	1
1958	58190	1
1958	256329	1
1958	522	1
1958	55252	1
1958	408	1
1870	49856	1
1870	3486	1
1050	1373	1
7546	84133	1
7546	4615	1
7546	64788	1
7546	1286	1
7546	23632	1
7709	1030	1
7528	79759	1
7528	93134	1
7528	7538	1
7528	55249	1
7528	7525	1
7528	114049	1
7528	137492	1
7528	84640	1
7528	29761	1
7528	5412	1
7528	118424	1
7528	10907	1
7528	10383	1
7528	7846	1
7528	81559	1
7528	55809	1
7528	27348	1
7528	51497	1
7528	9066	1
7528	9021	1
7528	29887	1
7528	285958	1
7528	6618	1
7528	28231	1
7528	5250	1
7528	6510	1
7528	57515	1
7528	401251	1
7528	6124	1
7528	55183	1
7528	8241	1
7528	65263	1
7528	5694	1
7528	5652	1
7528	5636	1
7528	5426	1
7528	80012	1
7528	553115	1
7528	29095	1
7528	4946	1
7528	23511	1
7528	64943	1
7528	8431	1
7528	344022	1
7528	4837	1
7528	4720	1
7528	60560	1
7528	4236	1
7528	79892	1
7528	4170	1
7528	4144	1
7528	4141	1
7528	51438	1
7528	222229	1
7528	648987	1
7528	348801	1
7528	84823	1
7528	3987	1
7528	23095	1
7528	51124	1
7528	3189	1
7528	8367	1
7528	8342	1
7528	8345	1
7528	79792	1
7528	2778	1
7528	26223	1
7528	23196	1
7528	64773	1
7528	2137	1
7528	100505975	1
7528	2023	1
7528	8890	1
7528	85403	1
7528	144455	1
7528	81704	1
7528	552891	1
7528	51428	1
7528	7919	1
7528	55794	1
7528	11269	1
7528	57007	1
7528	5476	1
7528	1487	1
7528	1375	1
7528	1363	1
7528	1312	1
7528	1164	1
7528	1120	1
7528	968	1
7528	374969	1
7528	8535	1
7528	23066	1
7528	817	1
7528	81928	1
7528	81617	1
7528	79078	1
7528	2972	1
7528	56647	1
7528	126859	1
7528	55726	1
7528	5926	1
7528	257106	1
7528	10053	1
7528	83854	1
7528	29880	1
7528	4329	1
7528	122622	1
7528	146	1
7528	2182	1
7528	51225	1
7528	6059	1
338917	168451	1
338917	6932	1
338917	23648	1
338917	23293	1
338917	2889	1
338917	5873	1
338917	5744	1
338917	57161	1
338917	5173	1
338917	167410	1
338917	23415	1
338917	50939	1
338917	3141	1
338917	3060	1
338917	2869	1
338917	165082	1
338917	2596	1
338917	26998	1
338917	1464	1
338917	10659	1
338917	493	1
338917	361	1
7391	55778	1
7391	79862	1
7391	51545	1
7391	10794	1
7391	388403	1
7391	7477	1
7391	653635	1
7391	7407	1
7391	57654	1
7391	51733	1
7391	54963	1
7391	51035	1
7391	10844	1
7391	7165	1
7391	54863	1
7391	64222	1
7391	30000	1
7391	943	1
7391	27346	1
7391	58986	1
7391	85019	1
7391	168451	1
7391	7043	1
7391	22980	1
7391	10915	1
7391	85012	1
7391	1155	1
7391	254272	1
7391	129685	1
7391	79723	1
7391	6838	1
7391	6813	1
7391	6812	1
7391	6810	1
7391	8614	1
7391	54961	1
7391	170463	1
7391	6431	1
7391	9043	1
7391	27131	1
7391	26778	1
7391	387066	1
7391	6617	1
7391	23293	1
7391	23049	1
7391	9962	1
7391	56996	1
7391	10801	1
7391	55829	1
7391	6326	1
7391	51435	1
7391	388228	1
7391	401474	1
7391	140700	1
7391	9667	1
7391	27079	1
7391	6234	1
7391	6209	1
7391	6143	1
7391	153830	1
7391	391	1
7391	10287	1
7391	5928	1
7391	10266	1
7391	115273	1
7391	5743	1
7391	145482	1
7391	5591	1
7391	11108	1
7391	63976	1
7391	171568	1
7391	11128	1
7391	548644	1
7391	5347	1
7391	10226	1
7391	64857	1
7391	5336	1
7391	415116	1
7391	5202	1
7391	5833	1
7391	7703	1
7391	5091	1
7391	23178	1
7391	5050	1
7391	23762	1
7391	81448	1
7391	116150	1
7391	10762	1
7391	9397	1
7391	57407	1
7391	4782	1
7391	54820	1
7391	55226	1
7391	10004	1
7391	9961	1
7391	9219	1
7391	219995	1
7391	60672	1
7391	56257	1
7391	9656	1
7391	10982	1
7391	11184	1
7391	5606	1
7391	4123	1
7391	4097	1
7391	28992	1
7391	4061	1
7391	78999	1
7391	338758	1
7391	100129027	1
7391	4001	1
7391	9786	1
7391	3726	1
7391	125476	1
7391	3569	1
7391	3231	1
7391	11100	1
7391	3184	1
7391	220988	1
7391	3108	1
7391	25988	1
7391	9146	1
7391	57801	1
7391	51191	1
7391	54919	1
7391	9001	1
7391	3005	1
7391	9569	1
7391	83445	1
7391	2874	1
7391	84572	1
7391	54552	1
7391	2356	1
7391	8468	1
7391	2091	1
7391	286077	1
7391	29902	1
7391	9917	1
7391	388581	1
7391	9214	1
7391	2101	1
7391	2014	1
7391	27436	1
7391	7458	1
7391	8637	1
7391	9343	1
7391	30008	1
7391	1933	1
7391	1788	1
7391	7802	1
7391	57647	1
7391	9704	1
7391	1723	1
7391	8527	1
7391	57696	1
7391	1638	1
7391	80344	1
7391	9265	1
7391	8531	1
7391	57175	1
7391	57642	1
7391	10695	1
7391	112616	1
7391	1153	1
7391	10428	1
7391	8824	1
7391	55573	1
7391	1031	1
7391	80279	1
7391	64072	1
7391	10421	1
7391	80381	1
7391	57124	1
7391	901	1
7391	896	1
7391	120935	1
7391	816	1
7391	776	1
7391	401535	1
7391	84310	1
7391	127703	1
7391	79002	1
7391	148223	1
7391	80233	1
7391	79415	1
7391	91748	1
7391	55088	1
7391	11118	1
7391	684	1
7391	682	1
7391	23246	1
7391	388552	1
7391	56271	1
7391	55859	1
7391	627	1
7391	283149	1
7391	10331	1
7391	430	1
7391	80210	1
7391	393	1
7391	384	1
7391	10541	1
7391	54443	1
7391	120425	1
7391	249	1
7391	224	1
7391	103	1
7391	79913	1
7391	58527	1
7050	10911	1
7050	10497	1
7050	84675	1
7050	79073	1
7050	7053	1
7050	50964	1
7050	6272	1
7050	326624	1
7050	5216	1
7050	4439	1
7050	3773	1
7050	24140	1
7050	1743	1
7050	1740	1
7050	79947	1
7050	829	1
7050	358	1
7050	88455	1
7050	221	1
6934	4286	1
6932	3725	1
6932	896	1
6929	374655	1
6929	10782	1
6929	10472	1
6929	51067	1
6929	84313	1
6929	26262	1
6929	9320	1
6929	7127	1
6929	130733	1
6929	7050	1
6929	57465	1
6929	83890	1
6929	6272	1
6929	4090	1
6929	130367	1
6929	88745	1
6929	80209	1
6929	5590	1
6929	25824	1
6929	56132	1
6929	64881	1
6929	79716	1
6929	4703	1
6929	8031	1
6929	90634	1
6929	196264	1
6929	84769	1
6929	4046	1
6929	55144	1
6929	55222	1
6929	4005	1
6929	55353	1
6929	3816	1
6929	9922	1
6929	84639	1
6929	255626	1
6929	79712	1
6929	8323	1
6929	93611	1
6929	2099	1
6929	59084	1
6929	8445	1
6929	11221	1
6929	10589	1
6929	1795	1
6929	54567	1
6929	84649	1
6929	51727	1
6929	1103	1
6929	95681	1
6929	10602	1
6929	221477	1
6929	127687	1
6929	27032	1
6929	83607	1
6929	229	1
6908	51222	1
6908	283237	1
6908	130733	1
6908	1678	1
6908	7053	1
6908	7062	1
6908	6540	1
6908	6256	1
6908	5033	1
6908	78990	1
6908	23530	1
6908	4734	1
6908	344148	1
6908	133686	1
6908	4632	1
6908	4005	1
6908	3151	1
6908	255626	1
6908	2597	1
6908	23316	1
6908	1278	1
6908	1004	1
6908	899	1
6908	84529	1
6908	274	1
6908	229	1
2623	150223	1
2623	6700	1
2623	63891	1
2623	51206	1
2623	23181	1
2623	2055	1
6777	57526	1
6777	2702	1
6777	2150	1
6777	2110	1
6777	1154	1
6777	9179	1
6776	115509	1
6776	7391	1
6776	7124	1
6776	6881	1
6776	8859	1
6776	10653	1
6776	9887	1
6776	80031	1
6776	6326	1
6776	9667	1
6776	132241	1
6776	6143	1
6776	5629	1
6776	26051	1
6776	5347	1
6776	64857	1
6776	11040	1
6776	5155	1
6776	27199	1
6776	81285	1
6776	79050	1
6776	4217	1
6776	4026	1
6776	3975	1
6776	3725	1
6776	3569	1
6776	3557	1
6776	127534	1
6776	93986	1
6776	10211	1
6776	57222	1
6776	9265	1
6776	1589	1
6776	1116	1
6776	1025	1
6776	64072	1
6776	930	1
6776	130162	1
6776	91748	1
6776	627	1
6776	517	1
6776	83478	1
6776	23520	1
6776	140701	1
6774	168850	1
6774	7538	1
6774	55249	1
6774	57510	1
6774	81559	1
6774	7066	1
6774	25876	1
6774	6510	1
6774	10921	1
6774	9128	1
6774	10891	1
6774	5432	1
6774	123904	1
6774	4720	1
6774	79100	1
6774	4170	1
6774	9020	1
6774	80789	1
6774	2794	1
6774	113878	1
6774	11269	1
6774	1375	1
6774	113189	1
6774	84229	1
6774	221927	1
6774	83596	1
6774	60	1
6773	463	1
6773	284273	1
6773	114990	1
6773	9966	1
6773	608	1
6773	79188	1
6773	7048	1
6773	8189	1
6773	6016	1
6773	5993	1
6773	5962	1
6773	5921	1
6773	5698	1
6773	144165	1
6773	11232	1
6773	10714	1
6773	57475	1
6773	57649	1
6773	399909	1
6773	347168	1
6773	51667	1
6773	22978	1
6773	4245	1
6773	606724	1
6773	338799	1
6773	9836	1
6773	11103	1
6773	113220	1
6773	23325	1
6773	51780	1
6773	9424	1
6773	3697	1
6773	285966	1
6773	83541	1
6773	2158	1
6773	2119	1
6773	63916	1
6773	51339	1
6773	11151	1
6773	80781	1
6773	9857	1
6773	8030	1
6773	64770	1
6773	140947	1
6773	79086	1
6773	56987	1
6773	127002	1
6772	55311	1
6772	360023	1
6772	7532	1
6772	124997	1
6772	51377	1
6772	9675	1
6772	10194	1
6772	81786	1
6772	84134	1
6772	9399	1
6772	6595	1
6772	10193	1
6772	8480	1
6772	126789	1
6772	5188	1
6772	93129	1
6772	29922	1
6772	4719	1
6772	26960	1
6772	5469	1
6772	10747	1
6772	439949	1
6772	55957	1
6772	9928	1
6772	57698	1
6772	80270	1
6772	2914	1
6772	221188	1
6772	2633	1
6772	10521	1
6772	1545	1
6772	1588	1
6772	3627	1
6772	9034	1
6772	892	1
6772	57332	1
6772	389643	1
6772	57102	1
6772	353	1
6772	322	1
6772	29945	1
6772	54784	1
6772	10449	1
6722	55205	1
6722	9948	1
6722	653635	1
6722	54659	1
6722	57213	1
6722	6525	1
6722	6543	1
6722	55974	1
6722	6232	1
6722	6015	1
6722	79171	1
6722	5934	1
6722	5743	1
6722	639	1
6722	5523	1
6722	64840	1
6722	11284	1
6722	7703	1
6722	3164	1
6722	4595	1
6722	79594	1
6722	64769	1
6722	9890	1
6722	9636	1
6722	9235	1
6722	8969	1
6722	3005	1
6722	2874	1
6722	2301	1
6722	10211	1
6722	26127	1
6722	89846	1
6722	23272	1
6722	27436	1
6722	2010	1
6722	30008	1
6722	1933	1
6722	1825	1
6722	728656	1
6722	57680	1
6722	10421	1
6722	11335	1
6722	130162	1
6722	91748	1
6722	8815	1
6722	10093	1
6722	306	1
6722	2	1
6720	57178	1
6720	8674	1
6720	65062	1
6720	29110	1
6720	56241	1
6720	54345	1
6720	6643	1
6720	9126	1
6720	6456	1
6720	6297	1
6720	6203	1
6720	390	1
6720	5959	1
6720	283248	1
6720	5494	1
6720	5279	1
6720	5108	1
6720	9708	1
6720	4916	1
6720	359821	1
6720	64747	1
6720	5595	1
6720	83450	1
6720	100130705	1
6720	55083	1
6720	22832	1
6720	23704	1
6720	10643	1
6720	26515	1
6720	57724	1
6720	8661	1
6720	1633	1
6720	9802	1
6720	8065	1
6720	25912	1
6720	284018	1
6720	83695	1
6720	1386	1
6720	10564	1
6720	27125	1
6720	55811	1
6720	9719	1
6720	47	1
6662	9726	1
6662	80818	1
6662	150223	1
6662	57544	1
6662	80746	1
6662	84187	1
6662	6929	1
6662	10734	1
6662	65244	1
6662	65012	1
6662	150696	1
6662	5519	1
6662	10105	1
6662	266971	1
6662	5046	1
6662	56132	1
6662	4804	1
6662	22983	1
6662	4293	1
6662	116138	1
6662	3642	1
6662	143279	1
6662	2027	1
6662	11258	1
4089	1294	1
4089	338	1
6258	6342	1
6258	5346	1
6258	5170	1
6258	4199	1
6258	1593	1
6258	364	1
6258	34	1
5915	84132	1
5915	64129	1
5915	51300	1
5915	23408	1
5915	113675	1
5915	5914	1
5915	3083	1
6256	246243	1
6256	51222	1
6256	7260	1
6256	51112	1
6256	26517	1
6256	6919	1
6256	6794	1
6256	27111	1
6256	5346	1
6256	5170	1
6256	5111	1
6256	4199	1
6256	4173	1
6256	3916	1
6256	81689	1
6256	2934	1
6256	2632	1
6256	114984	1
6256	23562	1
6256	27237	1
6256	364	1
6256	84266	1
6256	84883	1
6256	34	1
6095	51043	1
6095	51384	1
6095	7296	1
6095	26521	1
6095	11171	1
6095	10174	1
6095	55752	1
6095	57715	1
6095	55644	1
6095	221078	1
6095	4846	1
6095	8715	1
6095	80218	1
6095	22998	1
6095	3838	1
6095	23510	1
6095	51135	1
6095	55081	1
6095	3097	1
6095	25794	1
6095	1848	1
6095	1837	1
6095	123879	1
6095	22849	1
6095	138241	1
6095	25980	1
6095	140706	1
6095	284067	1
6095	91298	1
6095	635	1
6095	375	1
6095	84335	1
6095	154	1
6095	111	1
6095	29974	1
5989	171017	1
5989	79696	1
5989	7465	1
5989	158248	1
5989	55809	1
5989	7016	1
5989	25771	1
5989	9066	1
5989	6547	1
5989	6091	1
5989	9374	1
5989	79660	1
5989	10016	1
5989	51126	1
5989	23005	1
5989	9020	1
5989	9935	1
5989	11157	1
5989	26018	1
5989	112752	1
5989	3297	1
5989	3265	1
5989	3227	1
5989	51022	1
5989	54855	1
5989	203259	1
5989	55924	1
5989	54757	1
5989	642938	1
5989	84182	1
5989	83648	1
5989	1943	1
5989	23644	1
5989	7266	1
5989	26007	1
5989	1375	1
5989	91949	1
5989	27098	1
5989	79019	1
5989	222256	1
5989	777	1
5989	84909	1
5989	221927	1
5989	128861	1
5989	257106	1
5989	4329	1
5966	57216	1
5966	10277	1
5966	7009	1
5966	6919	1
5966	8677	1
5966	65244	1
5966	26001	1
5966	5757	1
5966	51068	1
5966	4632	1
5966	83943	1
5966	64375	1
5966	2146	1
5966	2099	1
5966	2027	1
5966	2000	1
5966	10589	1
5966	79947	1
5966	673	1
5966	410	1
5966	177	1
5916	6280	1
5916	5744	1
5916	3725	1
5915	2950	1
5914	5915	1
5914	2950	1
5914	1647	1
5468	90204	1
6256	80818	1
6256	10791	1
5468	81567	1
5468	388610	1
5468	6773	1
6256	55620	1
5468	10847	1
5468	4089	1
6256	866	1
6256	326624	1
5468	5580	1
5468	63905	1
5468	3295	1
5468	6927	1
5468	79675	1
5468	11131	1
6256	718	1
5468	257629	1
5468	55279	1
5468	147645	1
5468	10713	1
5468	55503	1
5468	7167	1
5468	7158	1
5468	199953	1
5468	54843	1
5468	140710	1
5468	6645	1
5468	6242	1
5468	79596	1
5468	10432	1
5468	5923	1
5468	5911	1
5468	138046	1
5468	169714	1
5468	5745	1
5468	100874222	1
5468	5294	1
5468	9488	1
5468	84844	1
5468	5178	1
5468	56101	1
5468	54661	1
5468	8996	1
5468	4791	1
5468	4784	1
5468	4753	1
5468	23054	1
5468	8085	1
5468	4297	1
5468	4289	1
5468	10446	1
5468	4038	1
5468	338799	1
5468	3996	1
5468	3960	1
5468	27040	1
5468	284058	1
5468	3714	1
5468	3663	1
5468	3430	1
5468	27429	1
5468	9687	1
5468	2645	1
5468	2275	1
5468	2177	1
5468	55719	1
5468	54463	1
5468	64855	1
5468	10827	1
5468	7813	1
5468	2119	1
5468	2118	1
5468	63916	1
5468	1981	1
5468	1879	1
5468	55837	1
5468	50619	1
5468	4848	1
5468	9075	1
5468	5129	1
5468	865	1
5468	9139	1
5468	488	1
5468	8289	1
5468	10307	1
5468	147	1
5460	8633	1
5460	30968	1
5460	8470	1
5460	7779	1
5460	84957	1
5460	57826	1
5460	56901	1
5460	8972	1
5460	57408	1
5460	55366	1
5460	57462	1
5460	55818	1
5460	10912	1
5460	1603	1
5451	79693	1
5451	54863	1
5451	943	1
5451	7124	1
5451	653567	1
5451	168451	1
5451	6932	1
5451	319100	1
5451	55064	1
5451	6617	1
5451	64744	1
5451	91252	1
5451	80031	1
5451	6391	1
5451	79005	1
5451	140700	1
5451	6237	1
5451	5916	1
5451	5732	1
5451	285368	1
5451	5579	1
5451	639	1
5451	5518	1
5451	23368	1
5451	5450	1
5451	27434	1
5451	51196	1
5451	375133	1
5451	5201	1
5451	81285	1
5451	219958	1
5451	4782	1
5451	79858	1
5451	4684	1
5451	27085	1
5451	79157	1
5451	4133	1
5451	285194	1
5451	4045	1
5451	4040	1
5451	337966	1
5451	30819	1
5451	7881	1
5451	3720	1
5451	22806	1
5451	22807	1
5451	3209	1
5451	3206	1
5451	3122	1
5451	3065	1
5451	23151	1
5451	2596	1
5451	93986	1
5451	2101	1
5451	2033	1
5451	27436	1
5451	1756	1
5451	10395	1
5451	126129	1
5451	1258	1
5451	64072	1
5451	57124	1
5451	51063	1
5451	776	1
5451	285382	1
5451	91748	1
5451	113246	1
5451	83938	1
5451	627	1
5451	283149	1
5451	517	1
5451	120425	1
3651	4825	1
5087	84107	1
5087	7498	1
5087	6907	1
5087	6898	1
5087	55638	1
5087	6716	1
5087	203427	1
5087	57484	1
5087	5030	1
5087	3175	1
5087	10101	1
5087	23154	1
5087	64976	1
5087	54674	1
5087	56956	1
5087	687	1
5087	2845	1
5087	2104	1
5087	1741	1
5087	83539	1
5087	23097	1
5087	160857	1
5087	254778	1
5087	79018	1
5087	145645	1
5087	80763	1
5087	56899	1
5087	288	1
5080	128553	1
5080	6911	1
5080	6877	1
5080	10274	1
5080	64080	1
5080	79056	1
5080	5529	1
5080	3651	1
5080	8050	1
5080	93129	1
5080	79710	1
5080	4286	1
5080	8357	1
5080	2535	1
5080	9158	1
5080	124944	1
5080	9256	1
5080	9179	1
23598	126208	1
23598	7716	1
23598	55585	1
23598	6645	1
23598	4735	1
23598	6242	1
23598	5745	1
23598	91461	1
23598	5195	1
23598	9159	1
23598	399909	1
23598	4802	1
23598	4798	1
23598	4763	1
23598	4761	1
23598	55167	1
23598	4245	1
23598	55777	1
23598	4216	1
23598	7403	1
23598	2782	1
23598	55810	1
23598	55740	1
23598	1995	1
23598	1981	1
23598	1850	1
23598	9793	1
23598	865	1
23598	375790	1
4306	481	1
2908	10628	1
2908	84187	1
2908	1678	1
2908	4090	1
2908	6522	1
2908	27036	1
2908	219960	1
2908	6300	1
2908	4094	1
2908	3773	1
2908	143279	1
2908	134266	1
2908	1977	1
2908	1936	1
2908	84987	1
2908	10602	1
2908	799	1
2908	79680	1
2908	84066	1
2908	55732	1
2908	715	1
2908	534	1
2908	518	1
2908	181	1
7026	9213	1
7026	7482	1
7026	51754	1
7026	729201	1
7026	6469	1
7026	151011	1
7026	116154	1
7026	4914	1
7026	1954	1
7026	286343	1
7026	3351	1
7026	63940	1
7026	11082	1
7026	478	1
7025	7535	1
7025	57176	1
7025	9618	0.980859406730668
7025	7171	1
7025	7158	1
7025	161291	1
7025	139420	1
7025	25956	1
7025	90378	1
7025	6016	1
7025	80758	1
7025	399909	1
7025	4245	1
7025	8216	1
7025	25959	1
7025	84705	1
7025	653820	1
7025	2116	1
7025	196403	1
7025	5127	1
7025	79969	1
7025	338	1
7025	9949	1
4825	9839	1
4825	9699	1
4825	286362	1
4825	8777	1
4825	56890	1
4825	4129	1
4825	55885	1
4825	2556	1
4825	58478	1
4825	1896	1
4825	57172	1
4825	9114	1
4824	7170	1
4824	84651	1
4824	22865	1
4824	23034	1
4824	9136	1
4824	5515	1
4824	56944	1
4824	4000	1
4824	60495	1
4824	92126	1
4824	92949	1
4802	7690	1
4802	27005	1
4802	57586	1
4802	10432	1
4802	5295	1
4802	84844	1
4802	5178	1
4802	5034	1
4802	7025	1
4802	4361	1
4802	55604	1
4802	3889	1
4802	30818	1
4802	2648	1
4802	3376	1
4802	221092	1
4802	84705	1
4802	1400	1
4802	1063	1
4802	83461	1
4802	8697	1
4802	129138	1
4802	137872	1
4802	16	1
4801	124997	1
4801	7074	1
4801	116028	1
4801	5036	1
4801	60491	1
4801	10866	1
4801	847	1
4800	255403	1
4800	140467	1
4800	7743	1
4800	7697	1
4800	84132	1
4800	56061	1
4800	7314	1
4800	219743	1
4800	10766	1
4800	221468	1
4800	79847	1
4800	54958	1
4800	51522	1
4800	7041	1
4800	55171	1
4800	6895	1
4800	10629	1
4800	84447	1
4800	6839	1
4800	6821	1
4800	10963	1
4800	6647	1
4800	11182	1
4800	284439	1
4800	114789	1
4800	25942	1
4800	23480	1
4800	388524	1
4800	6175	1
4800	84268	1
4800	84900	1
4800	6048	1
4800	55288	1
4800	10171	1
4800	5777	1
4800	26121	1
4800	8496	1
4800	84265	1
4800	79883	1
4800	375775	1
4800	11243	1
4800	8502	1
4800	5300	1
4800	5037	1
4800	5166	1
4800	5116	1
4800	51585	1
4800	5101	1
4800	5087	1
4800	10298	1
4800	11339	1
4800	4942	1
4800	221294	1
4800	57185	1
4800	54539	1
4800	10797	1
4800	401884	1
4800	90768	1
4800	219541	1
4800	23031	1
4800	7873	1
4800	51631	1
4800	687	1
4800	10994	1
4800	8369	1
4800	221613	1
4800	26959	1
4800	283554	1
4800	27333	1
4800	84656	1
4800	2634	1
4800	26261	1
4800	84961	1
4800	9855	1
4800	2189	1
4800	23344	1
4800	51514	1
4800	1808	1
4800	55526	1
4800	1649	1
4800	147906	1
4800	4283	1
4800	78987	1
4800	1152	1
4800	150468	1
4800	26586	1
4800	64105	1
4800	441549	1
4800	10263	1
4800	23097	1
4800	991	1
4800	643253	1
4800	57820	1
4800	112942	1
4800	23468	1
4800	83698	1
4800	199990	1
4800	254863	1
4800	79018	1
4800	90416	1
4800	27154	1
4800	25874	1
4800	10902	1
4800	54796	1
4800	402	1
4800	398	1
4800	288	1
4800	84964	1
4791	90850	1
4791	7716	1
4791	7188	1
4791	9618	0.980859406730668
4791	9966	1
4791	84302	1
4791	9220	1
4791	343521	1
4791	56006	1
4791	56833	1
4791	23248	1
4791	138046	1
4791	11232	1
4791	25953	1
4791	399909	1
4791	60676	1
4791	347168	1
4791	23636	1
4791	4851	1
4791	284086	1
4791	51599	1
4791	10446	1
4791	59352	1
4791	3663	1
4791	51738	1
4791	1735	1
4791	50619	1
4791	80781	1
4791	1108	1
4791	959	1
4791	255877	1
4791	26060	1
4791	26993	1
4791	137872	1
4791	59	1
4784	147	1
4783	285971	1
4783	388403	1
4783	152002	1
4783	8848	1
4783	7125	1
4783	153830	1
4783	5629	1
4783	51177	1
4783	5292	1
4783	5091	1
4783	4355	1
4783	79836	1
4783	51557	1
4783	3614	1
4783	22807	1
4783	160419	1
4783	8927	1
4783	50650	1
4783	9068	1
4782	64743	1
4782	7125	1
4782	3195	1
4782	7060	1
4782	8463	1
4782	129685	1
4782	8859	1
4782	10653	1
4782	6617	1
4782	6520	1
4782	6494	1
4782	10801	1
4782	6237	1
4782	9104	1
4782	51735	1
4782	5743	1
4782	5204	1
4782	4694	1
4782	55700	1
4782	140828	1
4782	253980	1
4782	3757	1
4782	23630	1
4782	3725	1
4782	3569	1
4782	8969	1
4782	2975	1
4782	2317	1
4782	1906	1
4782	1643	1
4782	1642	0.980859406730668
4782	8646	1
4782	725	1
4782	90835	1
4782	649	1
4782	57448	1
4782	53335	1
4782	79026	1
4782	57188	1
4779	64743	1
4779	727910	1
4779	8859	1
4779	645832	1
4779	6015	1
4779	11128	1
4779	5339	1
4779	5155	1
4779	219958	1
4779	56675	1
4779	4318	1
4779	55700	1
4779	4016	1
4779	3720	1
4779	8111	1
4779	10211	1
4779	2273	1
4779	51232	1
4779	91748	1
4779	83938	1
4779	627	1
4778	6907	1
4778	4088	1
4778	6535	1
4778	2810	1
4778	5914	1
4778	26064	1
4778	83876	1
4778	57506	1
4778	3678	1
4778	3601	1
4778	1880	1
4778	2152	1
4778	64651	1
4772	8615	1
4772	10043	1
4772	54499	1
4772	2702	1
4772	2257	1
4772	26232	1
4609	7784	1
4609	223082	1
4609	168850	1
4609	79759	1
4609	25799	1
4609	118813	1
4609	7538	1
4609	79696	1
4609	55249	1
4609	7528	1
4609	57510	1
4609	26118	1
4609	7465	1
4609	55093	1
4609	7351	1
4609	5412	1
4609	3093	1
4609	10907	1
4609	55787	1
4609	84790	1
4609	51095	1
4609	91107	1
4609	7175	1
4609	53373	1
4609	7126	1
4609	440955	1
4609	25789	1
4609	55161	1
4609	153339	1
4609	25976	1
4609	9755	1
4609	64786	1
4609	8407	1
4609	9066	1
4609	140901	1
4609	6793	1
4609	338069	1
4609	6484	1
4609	147841	1
4609	6651	1
4609	9410	1
4609	6044	1
4609	55343	1
4609	6510	1
4609	63910	1
4609	6503	1
4609	10572	1
4609	23387	1
4609	51460	1
4609	5054	1
4609	10952	1
4609	23513	1
4609	6330	1
4609	340419	1
4609	222967	1
4609	9136	1
4609	6241	1
4609	6091	1
4609	55328	1
4609	6009	1
4609	25807	1
4609	9462	1
4609	57148	1
4609	79691	1
4609	5819	1
4609	5696	1
4609	58510	1
4609	8575	1
4609	9374	1
4609	5515	1
4609	55607	1
4609	79660	1
4609	10848	1
4609	5424	1
4609	56902	1
4609	5355	1
4609	80235	1
4609	80012	1
4609	27250	1
4609	84306	1
4609	11235	1
4609	55003	1
4609	4957	1
4609	64943	1
4609	64324	1
4609	8431	1
4609	4855	1
4609	4839	1
4609	55035	1
4609	64428	1
4609	340719	1
4609	4669	1
4609	65220	1
4609	57509	1
4609	51537	1
4609	22823	1
4609	6150	1
4609	54948	1
4609	22880	1
4609	7681	1
4609	8569	1
4609	55669	1
4609	4236	1
4609	4170	1
4609	5598	1
4609	93487	1
4609	55201	1
4609	389692	1
4609	55646	1
4609	80740	1
4609	222229	1
4609	116844	1
4609	9663	1
4609	648987	1
4609	84823	1
4609	3980	1
4609	200185	1
4609	11133	1
4609	3840	1
4609	83855	1
4609	85457	1
4609	3762	1
4609	10524	1
4609	3727	1
4609	359948	1
4609	9670	1
4609	79663	1
4609	3297	1
4609	3265	1
4609	3227	1
4609	3182	1
4609	8341	1
4609	85236	1
4609	3090	1
4609	112495	1
4609	2937	1
4609	79792	1
4609	29889	1
4609	51291	1
4609	2665	1
4609	60674	1
4609	11337	1
4609	2309	1
4609	11328	1
4609	2289	1
4609	2251	1
4609	728833	1
4609	55603	1
4609	84182	1
4609	79632	1
4609	2160	1
4609	2145	1
4609	55218	1
4609	2071	1
4609	100505975	1
4609	219670	1
4609	1965	1
4609	8893	1
4609	8890	1
4609	1964	1
4609	1960	1
4609	79631	1
4609	574029	1
4609	552891	1
4609	83479	1
4609	11269	1
4609	64858	1
4609	9595	1
4609	3491	1
4609	11068	1
4609	1525	1
4609	5476	1
4609	1453	1
4609	23373	1
4609	1312	1
4609	116840	1
4609	27098	1
4609	1120	1
4609	1030	1
4609	11135	1
4609	942	1
4609	974	1
4609	11314	1
4609	905	1
4609	902	1
4609	644019	1
4609	81928	1
4609	8209	1
4609	57035	1
4609	79078	1
4609	714	1
4609	55908	1
4609	90580	1
4609	56905	1
4609	90488	1
4609	64115	1
4609	55589	1
4609	645	1
4609	644	1
4609	613	1
4609	54880	1
4609	83596	1
4609	64919	1
4609	11177	1
4609	5926	1
4609	396	1
4609	341	1
4609	55911	1
4609	51281	1
4609	51129	1
4609	29880	1
4609	4329	1
4609	8659	1
4609	85007	1
4609	57085	1
4609	122622	1
4609	133	1
4609	10096	1
4609	10061	1
4602	158135	1
4602	6631	1
4602	57414	1
4602	5902	1
4602	23788	1
4602	3931	1
4602	10236	1
4602	23193	1
4602	9156	1
4602	10436	1
4602	1956	1
4602	85445	1
4602	988	1
4602	997	1
4602	875	1
4602	708	1
4602	387978	1
4602	84896	1
4601	26009	1
4601	51333	1
4601	220992	1
4601	162979	1
4601	7753	1
4601	7482	1
4601	80232	1
4601	374666	1
4601	29914	1
4601	163590	1
4601	283232	1
4601	51078	1
4601	29110	1
4601	27097	1
4601	11276	1
4601	65975	1
4601	10494	1
4601	6720	1
4601	4092	1
4601	7871	1
4601	54733	1
4601	114134	1
4601	91137	1
4601	84826	1
4601	5274	1
4601	10501	1
4601	22955	1
4601	6286	1
4601	6203	1
4601	9252	1
4601	6194	1
4601	6206	0.980859406730668
4601	6176	1
4601	6146	1
4601	283248	1
4601	1104	1
4601	10156	1
4601	5612	1
4601	5558	1
4601	55012	1
4601	5494	1
4601	5422	1
4601	55276	1
4601	5229	1
4601	5163	1
4601	11333	1
4601	22976	1
4601	54852	1
4601	26986	1
4601	4914	1
4601	7026	1
4601	4831	1
4601	4811	1
4601	4780	1
4601	4691	1
4601	55892	1
4601	10608	1
4601	51001	1
4601	4493	1
4601	51154	1
4601	11222	1
4601	55052	1
4601	79682	1
4601	58526	1
4601	64747	1
4601	9441	1
4601	9782	1
4601	81543	1
4601	100874047	1
4601	9314	1
4601	7071	1
4601	8514	1
4601	10527	1
4601	64376	1
4601	10643	1
4601	10642	1
4601	3308	1
4601	11077	1
4601	84842	1
4601	3178	1
4601	10949	1
4601	10473	1
4601	3091	1
4601	64645	1
4601	50628	1
4601	2653	1
4601	6936	1
4601	2593	1
4601	55612	1
4601	114907	1
4601	400451	1
4601	2157	1
4601	2130	1
4601	1161	1
4601	2019	1
4601	3646	1
4601	8411	1
4601	80267	1
4601	79982	1
4601	9879	1
4601	1627	1
4601	1407	1
4601	153222	1
4601	80315	1
4601	78989	1
4601	25927	1
4601	645104	1
4601	51192	1
4601	22856	1
4601	26511	1
4601	22995	1
4601	153241	1
4601	56990	1
4601	6352	1
4601	841	1
4601	822	1
4601	820	1
4601	25912	1
4601	90529	1
4601	283870	1
4601	79794	1
4601	10974	1
4601	55727	1
4601	91272	1
4601	483	1
4601	466	1
4601	83787	1
4601	10124	1
4601	58504	1
4601	10564	1
4601	23243	1
4601	144193	1
4601	55109	1
4601	109	1
4601	86	1
4601	47	1
4601	116983	1
4601	36	1
4601	31	1
4601	650655	1
4601	60496	1
4208	136319	1
4205	7791	1
4205	7702	1
4205	463	1
4205	254359	1
4205	7533	1
4205	7480	1
4205	56893	1
4205	7277	1
4205	51592	1
4205	608	1
4205	219902	1
4205	51643	1
4205	9220	1
4205	4943	1
4205	83931	1
4205	30011	1
4205	6442	1
4205	256987	1
4205	26135	1
4205	57556	1
4205	146923	1
4205	54509	1
4205	401190	1
4205	6001	1
4205	10235	1
4205	5923	1
4205	23551	1
4205	10743	1
4205	5831	1
4205	5745	1
4205	144165	1
4205	5525	1
4205	5324	1
4205	5295	1
4205	23338	1
4205	8682	1
4205	5156	1
4205	26339	1
4205	79627	1
4205	4952	1
4205	255743	1
4205	11188	1
4205	10903	1
4205	10943	1
4205	55167	1
4205	22808	1
4205	4222	1
4205	55777	1
4205	4149	1
4205	3936	1
4205	51520	1
4205	3889	1
4205	284058	1
4205	25959	1
4205	9452	1
4205	3688	1
4205	3636	1
4205	2645	1
4205	26263	1
4205	54463	1
4205	83541	1
4205	55740	1
4205	63916	1
4205	1735	1
4205	79007	1
4205	51339	1
4205	4253	1
4205	1373	1
4205	1294	1
4205	1290	1
4205	1303	1
4205	1187	1
4205	1108	1
4205	28513	1
4205	10487	1
4205	55290	1
4205	672	1
4205	40	1
4205	51326	1
4205	9459	1
4205	64682	1
4205	9949	1
4205	26993	1
4205	22985	1
4205	26574	1
4149	57643	1
4149	90204	1
4149	146050	1
4149	90850	1
4149	51385	1
4149	51157	1
4149	126231	1
4149	147947	1
4149	85460	1
4149	7690	1
4149	25921	1
4149	55596	1
4149	9877	1
4149	9841	1
4149	27107	1
4149	10138	1
4149	80014	1
4149	7486	1
4149	54904	1
4149	144406	1
4149	284403	1
4149	11180	1
4149	55339	1
4149	100287171	1
4149	23355	1
4149	51028	1
4149	57617	1
4149	203547	1
4149	10600	1
4149	26019	1
4149	56893	1
4149	55585	1
4149	200081	1
4149	27175	1
4149	150465	1
4149	8458	1
4149	7268	1
4149	54902	1
4149	7247	1
4149	388610	1
4149	9319	1
4149	10906	1
4149	7188	1
4149	7169	1
4149	79188	1
4149	84302	1
4149	199953	1
4149	80764	1
4149	152815	1
4149	9392	1
4149	9894	1
4149	126668	1
4149	10312	1
4149	79718	1
4149	6905	1
4149	6904	1
4149	128637	1
4149	6891	1
4149	6888	1
4149	117143	1
4149	8871	1
4149	11198	1
4149	161497	1
4149	83931	1
4149	8987	1
4149	6747	1
4149	6432	1
4149	6427	1
4149	6734	1
4149	6714	1
4149	23111	1
4149	56006	1
4149	57223	1
4149	6602	1
4149	9057	1
4149	23516	1
4149	51006	1
4149	148867	1
4149	56833	1
4149	30011	1
4149	6448	1
4149	5270	1
4149	26135	1
4149	81929	1
4149	9919	1
4149	10055	1
4149	146923	1
4149	3921	1
4149	9475	1
4149	80196	1
4149	388591	1
4149	83732	1
4149	54509	1
4149	79651	1
4149	6001	1
4149	64864	1
4149	5993	1
4149	9904	1
4149	10235	1
4149	5911	1
4149	10743	1
4149	5883	1
4149	56852	1
4149	7879	1
4149	79037	1
4149	80324	1
4149	5814	1
4149	5745	1
4149	5733	1
4149	5699	1
4149	23215	1
4149	80758	1
4149	55615	1
4149	57479	1
4149	9129	1
4149	5534	1
4149	5433	1
4149	5429	1
4149	56983	1
4149	25957	1
4149	5395	1
4149	83449	1
4149	55558	1
4149	8398	1
4149	29941	1
4149	23396	1
4149	8503	1
4149	5289	1
4149	51588	1
4149	23338	1
4149	5195	1
4149	9159	1
4149	10039	1
4149	5058	1
4149	11252	1
4149	94101	1
4149	4967	1
4149	23386	1
4149	10726	1
4149	80224	1
4149	4862	1
4149	4856	1
4149	4851	1
4149	4750	1
4149	56160	1
4149	9612	1
4149	57727	1
4149	203245	1
4149	79829	1
4149	51237	1
4149	4649	1
4149	4627	1
4149	80198	1
4149	23787	1
4149	114932	1
4149	4361	1
4149	22808	1
4149	158747	1
4149	79817	1
4149	8510	1
4149	4297	1
4149	4245	1
4149	10227	1
4149	4222	1
4149	4205	1
4149	9477	1
4149	10873	1
4149	55777	1
4149	5607	1
4149	4122	1
4149	11253	1
4149	23764	1
4149	84232	1
4149	8216	1
4149	26065	1
4149	23507	1
4149	64748	1
4149	606724	1
4149	285441	1
4149	3915	1
4149	3911	1
4149	54758	1
4149	57576	1
4149	57498	1
4149	23325	1
4149	23351	1
4149	3782	1
4149	54934	1
4149	3688	1
4149	3663	1
4149	23096	1
4149	253430	1
4149	65123	1
4149	9742	1
4149	3376	1
4149	27429	1
4149	84343	1
4149	4670	1
4149	6927	1
4149	3161	1
4149	8362	1
4149	113510	1
4149	253018	1
4149	84705	1
4149	2976	1
4149	2968	1
4149	2802	1
4149	2746	1
4149	26058	1
4149	54433	1
4149	374378	1
4149	2581	1
4149	2580	1
4149	128954	1
4149	80144	1
4149	221937	1
4149	55810	1
4149	55785	1
4149	26259	1
4149	2194	1
4149	2177	1
4149	653820	1
4149	9130	1
4149	253725	1
4149	387680	1
4149	29057	1
4149	285016	1
4149	54463	1
4149	79843	1
4149	23404	1
4149	11336	1
4149	54845	1
4149	79956	1
4149	57634	1
4149	23052	1
4149	64834	1
4149	1995	1
4149	1981	1
4149	90141	1
4149	29904	1
4149	1871	1
4149	9149	1
4149	54935	1
4149	1841	1
4149	57572	1
4149	64215	1
4149	1730	1
4149	50619	1
4149	79039	1
4149	10212	1
4149	780	1
4149	79007	1
4149	1615	1
4149	4253	1
4149	1476	1
4149	1400	1
4149	80781	1
4149	23019	1
4149	1186	1
4149	5119	1
4149	1108	1
4149	90799	1
4149	22897	1
4149	1063	1
4149	1050	1
4149	55038	1
4149	891	1
4149	6370	1
4149	54482	1
4149	55871	1
4149	824	1
4149	541565	1
4149	79624	1
4149	65250	1
4149	285555	1
4149	84886	1
4149	146705	1
4149	9605	1
4149	80178	1
4149	29965	1
4149	60686	1
4149	745	1
4149	28970	1
4149	332	1
4149	10134	1
4149	27241	1
4149	148789	1
4149	551	1
4149	56970	1
4149	529	1
4149	23400	1
4149	220202	1
4149	471	1
4149	79058	1
4149	140459	1
4149	27106	1
4149	409	1
4149	378	1
4149	124401	1
4149	404734	1
4149	54882	1
4149	9949	1
4149	91801	1
4149	137872	1
4149	11174	1
4149	22985	1
4149	25	1
4149	7920	1
4149	11194	1
4149	10347	1
4149	19	1
4149	26574	1
4005	150223	1
4005	55898	1
4005	345079	1
4005	4090	1
4005	6299	1
4005	23469	1
4005	4841	1
4005	4734	1
4005	79778	1
4005	56947	1
4005	55144	1
4005	9227	1
4005	91694	1
4005	221914	1
4005	9538	1
4005	1592	1
4005	1191	1
4005	221477	1
4005	10286	1
4005	27032	1
4005	9131	1
4005	10121	1
8022	6830	1
8022	123041	1
8022	220441	1
8022	5706	1
8022	9972	1
8022	145978	1
8022	1893	1
51176	8996	1
51176	9075	1
51176	332	1
11278	22834	1
11278	153527	1
11278	23584	1
11278	254048	1
11278	51174	1
11278	347733	1
11278	57215	1
11278	221833	1
11278	8835	1
11278	221421	1
11278	5914	1
11278	5101	1
11278	4306	1
11278	126382	1
11278	54947	1
11278	57179	1
11278	79571	1
11278	1647	1
11278	2104	1
11278	64764	1
11278	10970	1
11278	55799	1
11278	79630	1
11278	9296	1
11278	10476	1
11278	64225	1
11278	9743	1
11278	9507	1
3727	64131	1
3727	10383	1
3727	7186	1
3727	285386	1
3727	10991	1
3727	6510	1
3727	29950	1
3727	27246	1
3727	83547	1
3727	5950	1
3727	55607	1
3727	10848	1
3727	5355	1
3727	8387	1
3727	256933	1
3727	4154	1
3727	4000	1
3727	3987	1
3727	254950	1
3727	9903	1
3727	3090	1
3727	2668	1
3727	11345	1
3727	55603	1
3727	3995	1
3727	10294	1
3727	23152	1
3727	92558	1
3727	8553	1
3727	54880	1
3727	55107	1
3726	55205	1
3726	64743	1
3726	7316	1
3726	7165	1
3726	6881	1
3726	23293	1
3726	6598	1
3726	55974	1
3726	6520	1
3726	27240	1
3726	51547	1
3726	6424	1
3726	6173	1
3726	9783	1
3726	5874	1
3726	64840	1
3726	23207	1
3726	11040	1
3726	4318	1
3726	79157	1
3726	9656	1
3726	55700	1
3726	4133	1
3726	10892	1
3726	4097	1
3726	4063	1
3726	338758	1
3726	22806	1
3726	8111	1
3726	286077	1
3726	9343	1
3726	1495	1
3726	1192	1
3726	1153	1
3726	1116	1
3726	91748	1
3726	8896	1
3726	695	1
3726	283149	1
3726	222255	1
3726	306	1
3726	93953	1
3725	168374	1
3725	55205	1
3725	23503	1
3725	80829	1
3725	64743	1
3725	10844	1
3725	7165	1
3725	54863	1
3725	943	1
3725	7124	1
3725	84286	1
3725	80008	1
3725	22980	1
3725	6881	1
3725	8614	1
3725	27090	1
3725	6750	1
3725	9043	1
3725	23293	1
3725	6598	1
3725	55974	1
3725	91252	1
3725	283130	1
3725	26266	1
3725	27240	1
3725	51547	1
3725	51092	1
3725	6464	1
3725	83442	1
3725	6441	1
3725	6424	1
3725	8175	1
3725	10801	1
3725	23231	1
3725	864	1
3725	6173	1
3725	6015	1
3725	9783	1
3725	5916	1
3725	5770	1
3725	5579	1
3725	8495	1
3725	64840	1
3725	59339	1
3725	11040	1
3725	375133	1
3725	5833	1
3725	81285	1
3725	4939	1
3725	57407	1
3725	4783	1
3725	54820	1
3725	4650	1
3725	79157	1
3725	9656	1
3725	55700	1
3725	5606	1
3725	4133	1
3725	10892	1
3725	4097	1
3725	4063	1
3725	338758	1
3725	3953	1
3725	3929	1
3725	3875	1
3725	3823	1
3725	3822	1
3725	9358	1
3725	80201	1
3725	10870	1
3725	2962	1
3725	8111	1
3725	2843	1
3725	2629	1
3725	23710	1
3725	2356	1
3725	286077	1
3725	124402	1
3725	283849	1
3725	2014	1
3725	1983	1
3725	9343	1
3725	114327	1
3725	1906	1
3725	63950	1
3725	1756	1
3725	9704	1
3725	8527	1
3725	80344	1
3725	10980	1
3725	1212	1
3725	1192	1
3725	161198	1
3725	1116	1
3725	9620	1
3725	135228	1
3725	1236	1
3725	896	1
3725	8896	1
3725	684	1
3725	631	1
3725	222255	1
3725	171023	1
3725	83478	1
3725	306	1
3725	54443	1
3725	10768	1
3725	93953	1
3665	25946	1
3665	51605	1
3665	6118	1
3665	11069	1
3665	7080	1
3665	51079	1
3665	145978	1
3665	10410	1
3665	29925	1
3665	25932	1
3662	221079	1
3661	6373	1
3298	158248	1
3298	9410	1
3298	4144	1
3298	664709	1
3298	2004	1
3298	55794	1
3297	158248	1
3297	9410	1
3297	28231	1
3297	100874064	1
3297	4144	1
3297	2778	1
3297	2004	1
3232	3678	1
3172	7621	1
3172	9589	1
3172	7456	1
3172	7422	1
3172	79876	1
3172	148534	1
3172	8428	1
3172	4092	1
3172	254428	1
3172	257218	1
3172	285590	1
3172	29106	1
3172	6284	1
3172	54453	1
3172	23543	1
3172	23236	1
3172	5136	1
3172	5108	1
3172	7026	1
3172	27020	1
3172	4811	1
3172	4780	1
3172	4601	1
3172	4494	1
3172	1954	1
3172	266727	1
3172	286343	1
3172	100130705	1
3172	3932	1
3172	57648	1
3172	56704	1
3172	51278	1
3172	3306	1
3172	3257	1
3172	3176	1
3172	8365	1
3172	27069	1
3172	96459	1
3172	2169	1
3172	54206	1
3172	2028	1
3172	1302	1
3172	1107	1
3172	23177	1
3172	9936	1
3172	146849	1
3172	84317	1
3172	768	1
3172	79974	1
3172	51066	1
3172	79447	1
3172	8708	1
3172	1386	1
3172	23294	1
3172	120	1
3172	6868	1
3172	47	1
6927	49856	1
6927	259240	1
6927	7301	1
6927	6909	1
6927	11198	1
6927	10418	1
6927	139420	1
6927	28234	1
6927	23516	1
6927	117177	1
6927	9991	1
6927	144165	1
6927	5449	1
6927	5295	1
6927	5156	1
6927	79804	1
6927	4289	1
6927	117153	1
6927	1432	1
6927	3912	1
6927	2719	1
6927	2264	1
6927	55719	1
6927	79956	1
6927	1871	1
6927	1373	1
6927	9075	1
6927	9139	1
6927	11131	1
6927	56260	1
6927	201229	1
6927	366	1
6927	9949	1
6927	213	1
3131	10413	1
3131	283237	1
3131	6744	1
3131	10302	1
3131	9597	1
3131	25769	1
3131	286140	1
3131	5723	1
3131	152559	1
3131	9315	1
3131	9722	1
3131	9348	1
3131	79903	1
3131	4281	1
3131	54585	1
3131	91694	1
3131	1740	1
3131	9586	1
3131	23406	1
3131	23562	1
3131	57082	1
3131	10092	1
3131	64400	1
3091	7424	1
3091	7039	1
3091	3741	1
3091	3484	1
3091	54206	1
3091	6387	1
3091	1387	1
3091	1012	1
3091	768	1
2623	80818	1
2623	60685	1
2623	283576	1
2623	7481	1
2623	10490	1
2623	7423	1
2623	55898	1
2623	26995	1
2623	51399	1
2623	79073	1
2623	9519	1
2623	252983	1
2623	6730	1
2623	9784	1
2623	10302	1
2623	9597	1
2623	4090	1
2623	30061	1
2623	6560	1
2623	51548	1
2623	6425	1
2623	5340	1
2623	79142	1
2623	55916	1
2623	9315	1
2623	4734	1
2623	10651	1
2623	4281	1
2623	56947	1
2623	4152	1
2623	4081	1
2623	4046	1
2623	3910	1
2623	158358	1
2623	79932	1
2623	51147	1
2623	64375	1
2623	3263	1
2623	84376	1
2623	404037	1
2623	64841	1
2623	2690	1
2623	54834	1
2623	24140	1
2623	93611	1
2623	10919	1
2623	11221	1
2623	22845	1
2623	11258	1
2623	54876	1
2623	1103	1
2623	91687	1
2623	57136	1
2623	55969	1
2623	148523	1
2623	112487	1
2623	534	1
2623	8416	1
2623	216	1
2623	9131	1
2309	79696	1
2309	10991	1
2309	862	1
2309	5290	1
2309	3084	1
2309	26045	0.980859406730668
2309	51477	1
2309	112752	1
2309	3189	1
2309	2885	1
2309	81624	1
2309	777	1
2309	55107	1
2309	185	1
2308	9217	1
2308	94005	1
2308	10471	1
2308	53354	1
2308	8715	1
2308	4143	1
2308	3097	1
2308	81577	1
2308	23464	1
2308	26273	1
2308	2203	1
2308	84141	1
2308	9715	1
2308	1979	1
2308	63948	1
2308	9541	1
2308	387978	1
2308	8915	1
2308	91	1
55810	463	1
55810	55596	1
55810	49856	1
55810	203547	1
55810	114990	1
55810	143630	1
55810	9898	1
55810	6747	1
55810	10418	1
55810	9627	1
55810	6016	1
55810	11156	1
55810	5562	1
55810	23126	1
55810	5162	1
55810	93377	1
55810	79804	1
55810	9526	1
55810	23266	1
55810	338799	1
55810	9355	1
55810	55323	1
55810	56243	1
55810	51409	1
55810	9931	1
55810	51564	1
55810	11083	1
55810	1548	1
55810	10370	1
55810	90799	1
55810	56260	1
55810	9184	1
55810	26033	1
55810	84126	1
55810	220202	1
55810	23365	1
55810	279	1
2354	64131	1
2354	10383	1
2354	7186	1
2354	285386	1
2354	10991	1
2354	6510	1
2354	29950	1
2354	27246	1
2354	83547	1
2354	5950	1
2354	55607	1
2354	10848	1
2354	5355	1
2354	8387	1
2354	256933	1
2354	4154	1
2354	4000	1
2354	3987	1
2354	254950	1
2354	9903	1
2354	3090	1
2354	2668	1
2354	11345	1
2354	55603	1
2354	3995	1
2354	10294	1
2354	23152	1
2354	92558	1
2354	8553	1
2354	54880	1
2354	55107	1
2353	255403	1
2353	64763	1
2353	653808	1
2353	8409	1
2353	83887	1
2353	64129	1
2353	6788	1
2353	6733	1
2353	6535	1
2353	54946	1
2353	284439	1
2353	114789	1
2353	2810	1
2353	113675	1
2353	6275	1
2353	57142	1
2353	79897	1
2353	154214	1
2353	80223	1
2353	5228	1
2353	10397	1
2353	64951	1
2353	5602	1
2353	26468	1
2353	3914	1
2353	11278	1
2353	23240	1
2353	9118	1
2353	163702	1
2353	23308	1
2353	2979	1
2353	266977	1
2353	8139	1
2353	56204	1
2353	159091	1
2353	11124	1
2353	1856	1
2353	51514	1
2353	1366	1
2353	55799	1
2353	760	1
2353	10902	1
2353	55509	1
2353	301	1
2353	288	1
2353	9429	1
2118	7048	1
2118	5321	1
2118	4585	1
2118	2158	1
2118	672	1
2114	5663	1
2114	4602	1
2114	4314	1
2113	8795	1
2113	5054	1
2113	55072	1
2113	4609	1
2113	10148	1
2113	4261	1
2113	6348	1
2099	7481	1
2099	5987	1
2099	1200	1
2099	3925	1
2099	55238	1
2099	6343	1
2099	6253	1
2099	57109	1
2099	5793	1
2099	5757	1
2099	54866	1
2099	124222	1
2099	5018	1
2099	4281	1
2099	81033	1
2099	9586	1
2099	84987	1
2099	9575	1
2099	51293	1
2099	595	1
2099	718	1
2099	84066	1
2099	115939	1
2099	640	1
2099	177	1
2034	5054	1
2033	7541	1
2033	83983	1
2033	10318	1
2033	6810	1
2033	27347	1
2033	114790	1
2033	23648	1
2033	6464	1
2033	6424	1
2033	89941	1
2033	5518	1
2033	5451	1
2033	113791	1
2033	55700	1
2033	28992	1
2033	9890	1
2033	51557	1
2033	3720	1
2033	83445	1
2033	286077	1
2033	2066	1
2033	2014	1
2033	79180	1
2033	1756	1
2033	1589	1
2033	81035	1
2033	79586	1
2033	1031	1
2033	91748	1
2033	14	1
1960	57688	1
1960	7709	1
1960	7528	1
1960	29761	1
1960	65264	1
1960	80727	1
1960	79042	1
1960	7204	1
1960	79228	1
1960	124044	1
1960	386757	1
1960	862	1
1960	9125	1
1960	494470	1
1960	9374	1
1960	5515	1
1960	10848	1
1960	8395	1
1960	5194	1
1960	344022	1
1960	340719	1
1960	79892	1
1960	10894	1
1960	4041	1
1960	26020	1
1960	3727	1
1960	3182	1
1960	9555	1
1960	2783	1
1960	83856	1
1960	2354	1
1960	389549	1
1960	54855	1
1960	642938	1
1960	2145	1
1960	1454	1
1960	200186	1
1960	116840	1
1960	26504	1
1960	23152	1
1960	3267	1
1960	116988	1
1960	146	1
1959	58499	1
1959	23528	1
1959	9040	1
1959	407977	1
1959	116238	1
1959	10617	1
1959	23635	1
1959	83985	1
1959	6535	1
1959	51629	1
1959	79085	1
1959	63027	1
1959	25942	1
1959	23480	1
1959	51773	1
1959	51093	1
1959	5763	1
1959	5498	1
1959	55361	1
1959	645974	1
1959	80762	1
1959	64981	1
1959	6945	1
1959	90768	1
1959	57819	1
1959	23313	1
1959	3622	1
1959	2353	1
1959	23625	1
1959	2152	1
1959	2041	1
1959	1958	1
1959	8655	1
1959	1826	1
1959	1808	1
1959	1674	1
1959	58190	1
1959	1444	1
1959	1340	1
1959	246175	1
1959	23587	1
1959	256329	1
1959	9296	1
1959	522	1
1959	408	1
1959	10123	1
1958	79891	1
1958	22834	1
1958	90441	1
1958	51276	1
1958	84905	1
1958	7582	1
1958	23528	1
1958	58500	1
1958	7743	1
1958	9204	1
1958	162239	1
1958	84287	1
1958	79670	1
1958	9923	1
1958	10208	1
1958	84132	1
1958	124590	1
1958	65110	1
1958	8408	1
1958	55325	1
1958	56061	1
1958	9040	1
1958	7328	1
1958	7259	1
1958	10221	1
1958	7178	1
1958	407977	1
1958	79847	1
1958	11018	1
1958	7057	1
1958	123283	1
1958	10629	1
1958	84144	1
1958	23635	1
1958	6715	1
1958	80725	1
1958	6713	1
1958	144108	1
1958	6647	1
1958	122809	1
1958	6637	1
1958	4088	1
1958	353189	1
1958	6535	1
1958	57181	1
1958	142680	1
1958	10998	1
1958	284439	1
1958	51629	1
1958	114789	1
1958	79085	1
1958	23235	1
1958	10505	1
1958	7095	1
1958	57142	1
1958	6189	1
1958	6181	1
1958	6133	1
1958	6018	1
1958	8625	1
1958	5991	1
1958	317671	1
1958	7905	1
1958	26064	1
1958	203069	1
1958	8073	1
1958	53635	1
1958	5639	1
1958	6992	1
1958	5498	1
1958	79717	0.980859406730668
1958	5441	1
1958	11243	1
1958	138429	1
1958	55361	1
1958	29085	1
1958	5217	1
1958	57107	1
1958	9659	1
1958	5116	1
1958	5106	1
1958	5101	1
1958	55486	1
1958	50855	1
1958	10298	1
1958	10062	1
1958	4832	1
1958	57185	1
1958	4800	1
1958	4778	1
1958	4718	1
1958	4697	1
1958	23154	1
1958	9918	1
1958	4666	1
1958	10071	1
1958	4436	1
1958	64976	1
1958	64981	1
1958	22877	1
1958	90768	1
1958	84206	1
1958	23101	1
1958	225689	1
1958	57819	1
1958	148709	1
1958	8543	1
1958	55788	1
1958	9215	1
1958	283212	1
1958	84861	1
1958	10365	1
1958	23240	1
1958	133746	1
1958	3601	1
1958	152404	1
1958	3489	1
1958	3398	1
1958	51668	1
1958	23119	1
1958	23493	1
1958	113802	1
1958	8226	1
1958	57657	1
1958	389524	1
1958	404672	1
1958	9380	1
1958	64388	1
1958	2873	1
1958	283554	1
1958	56834	1
1958	8139	1
1958	2562	1
1958	8324	1
1958	2353	1
1958	56929	1
1958	84961	1
1958	9855	1
1958	85002	1
1958	1998	1
1958	27161	1
1958	10455	1
1958	285193	1
1958	1826	1
1958	55070	1
1958	27351	1
1958	1649	1
1958	285761	1
1958	23500	1
1958	285440	1
1958	64651	1
1958	1452	1
1958	1444	1
1958	64764	1
1958	493753	1
1958	246175	1
1958	56942	1
1958	1182	1
1958	1105	1
1958	80254	1
1958	23097	1
1958	246184	1
1958	1043	1
1958	57003	1
1958	79140	1
1958	29903	1
1958	23468	1
1958	830	1
1958	55780	1
1958	201895	1
1958	205428	1
1958	54149	1
1958	79169	1
1958	79000	1
1958	23587	1
1958	27154	1
1958	25874	1
1958	22994	1
1958	60370	1
1958	64756	1
1958	9296	1
1958	521	1
1958	79798	1
1958	151188	1
1958	10123	1
1958	403	1
1958	335	1
1958	56899	1
1958	353322	1
1958	22852	1
1958	51321	1
1958	154810	1
1958	84964	1
1958	48	1
1958	28976	1
1958	84448	1
1879	30834	1
1879	100289635	1
1879	54503	1
1879	7052	1
1879	10312	1
1879	8871	1
1879	83931	1
1879	6555	1
1879	90378	1
1879	6001	1
1879	10235	1
1879	5869	1
1879	79037	1
1879	78994	1
1879	79990	1
1879	5295	1
1879	89932	1
1879	23636	1
1879	4791	1
1879	284086	1
1879	10227	1
1879	114785	1
1879	4216	1
1879	11253	1
1879	9355	1
1879	3958	1
1879	55323	1
1879	3915	1
1879	23303	1
1879	222223	1
1879	64399	1
1879	55876	1
1879	51738	1
1879	2672	1
1879	1730	1
1879	131566	1
1879	65250	1
1879	57198	1
1879	51062	1
1879	409	1
1879	60489	1
1879	338692	1
1879	10347	1
144455	171017	1
144455	7528	1
144455	6434	1
144455	10452	1
144455	5726	1
144455	140901	1
144455	338069	1
144455	6510	1
144455	10572	1
144455	23067	1
144455	29115	1
144455	9125	1
144455	9462	1
144455	5510	1
144455	440836	1
144455	4900	1
144455	4853	1
144455	81832	1
144455	196074	1
144455	79892	1
144455	4154	1
144455	4000	1
144455	26524	1
144455	112752	1
144455	93323	1
144455	10681	1
144455	2571	1
144455	389549	1
144455	54478	1
144455	11325	1
144455	25904	1
144455	113189	1
144455	79019	1
144455	905	1
144455	7862	1
144455	2683	1
144455	11047	1
1876	84146	1
1876	353174	1
1876	10493	1
1876	1890	1
1876	51605	1
1876	4591	1
1876	83696	1
1876	60684	1
1876	55706	1
1876	23731	1
1876	55260	1
1876	6950	1
1876	6613	1
1876	30968	1
1876	6166	1
1876	6118	1
1876	5902	1
1876	5530	1
1876	9360	1
1876	56107	1
1876	4988	1
1876	9972	1
1876	80218	1
1876	6885	1
1876	84859	1
1876	8022	1
1876	51194	1
1876	3226	1
1876	9987	1
1876	83743	1
1876	29925	1
1876	2643	1
1876	151647	1
1876	2107	1
1876	2056	1
1876	83460	1
1876	1729	1
1876	9249	1
1876	9188	1
1876	10664	1
1876	7555	1
1876	10845	1
1876	27243	1
1876	1072	1
1876	990	1
1876	10849	1
1876	977	1
1876	644809	1
1876	23229	1
1876	57463	1
1876	59344	1
1871	2547	1
1871	7515	1
1871	49856	1
1871	54904	1
1871	284403	1
1871	55000	1
1871	203068	1
1871	56658	1
1871	51337	1
1871	10460	1
1871	23345	1
1871	6432	1
1871	6427	1
1871	10847	1
1871	10051	1
1871	23516	1
1871	147912	1
1871	124925	1
1871	29072	1
1871	81929	1
1871	57147	1
1871	146923	1
1871	6242	1
1871	54665	1
1871	5933	1
1871	9991	1
1871	23215	1
1871	57479	1
1871	55291	1
1871	10714	1
1871	79990	1
1871	5328	1
1871	84844	1
1871	5193	1
1871	5178	1
1871	54510	1
1871	7025	1
1871	10763	1
1871	4753	1
1871	51237	1
1871	56339	1
1871	9833	1
1871	90411	1
1871	9355	1
1871	7403	1
1871	284058	1
1871	3486	1
1871	10021	1
1871	3054	1
1871	3014	1
1871	2976	1
1871	2746	1
1871	79709	1
1871	2192	1
1871	653820	1
1871	23052	1
1871	9427	1
1871	11083	1
1871	1616	1
1871	54482	1
1871	9139	1
1871	4076	1
1871	10487	1
1871	57685	1
1871	146705	1
1871	255877	1
1871	22809	1
1871	460	1
1871	8289	1
1871	26060	1
1871	338692	1
1871	226	1
1870	55596	1
1870	2547	1
1870	7515	1
1870	284403	1
1870	7301	1
1870	55000	1
1870	56658	1
1870	7112	1
1870	51337	1
1870	23345	1
1870	6432	1
1870	6427	1
1870	10847	1
1870	6645	1
1870	10051	1
1870	23516	1
1870	147912	1
1870	124925	1
1870	29072	1
1870	81929	1
1870	57147	1
1870	146923	1
1870	6242	1
1870	54665	1
1870	6198	1
1870	5933	1
1870	10743	1
1870	5814	1
1870	9991	1
1870	23215	1
1870	57479	1
1870	55291	1
1870	5427	1
1870	10714	1
1870	5328	1
1870	84844	1
1870	5193	1
1870	5178	1
1870	54510	1
1870	23636	1
1870	7025	1
1870	10763	1
1870	4753	1
1870	51237	1
1870	79817	1
1870	283078	1
1870	10227	1
1870	56339	1
1870	9833	1
1870	90411	1
1870	55777	1
1870	284023	1
1870	9355	1
1870	284058	1
1870	8370	1
1870	10021	1
1870	3054	1
1870	3014	1
1870	2976	1
1870	2746	1
1870	79709	1
1870	2192	1
1870	653820	1
1870	23052	1
1870	55740	1
1870	1974	1
1870	9427	1
1870	1871	1
1870	5977	1
1870	11083	1
1870	1616	1
1870	83461	1
1870	54482	1
1870	9139	1
1870	4076	1
1870	57685	1
1870	146705	1
1870	28970	1
1870	255877	1
1870	460	1
1870	8289	1
1870	26060	1
1870	8639	1
1870	338692	1
1870	226	1
1649	151126	1
1649	10221	1
1649	7178	1
1649	11070	1
1649	25942	1
1649	112483	1
1649	23623	1
1649	221421	1
1649	9182	1
1649	94274	1
1649	10154	1
1649	5030	1
1649	378884	1
1649	4778	1
1649	128077	1
1649	3398	1
1649	3020	1
1649	2620	1
1649	345630	1
1649	2104	1
1649	317649	1
1649	124637	1
1649	5218	1
1649	9973	1
1649	830	1
1649	205428	1
1649	1175	1
1649	56899	1
1649	84964	1
1499	595	1
10664	25946	1
10664	63925	1
10664	29066	1
10664	54915	1
10664	51384	1
10664	146845	1
10664	27183	1
10664	55031	1
10664	389856	1
10664	7385	1
10664	7343	1
10664	7296	1
10664	158135	1
10664	222642	1
10664	25987	1
10664	8295	1
10664	51605	1
10664	7109	1
10664	7164	1
10664	27433	1
10664	157378	1
10664	55706	1
10664	51259	1
10664	23671	1
10664	80213	1
10664	261726	1
10664	26521	1
10664	10469	1
10664	7030	1
10664	83439	1
10664	29888	1
10664	6786	1
10664	6482	1
10664	8683	1
10664	92369	1
10664	10174	1
10664	10073	1
10664	6631	1
10664	64093	1
10664	57228	1
10664	389015	1
10664	23428	1
10664	2542	1
10664	64924	1
10664	55315	1
10664	64849	1
10664	8036	1
10664	6455	1
10664	8879	1
10664	22929	1
10664	57715	1
10664	56920	1
10664	10427	1
10664	6397	1
10664	6389	1
10664	23098	1
10664	389432	1
10664	55316	1
10664	6185	1
10664	220441	1
10664	8153	1
10664	6035	1
10664	388	1
10664	83758	1
10664	125950	1
10664	57826	1
10664	57610	1
10664	5872	1
10664	81890	1
10664	54899	1
10664	2185	1
10664	5671	1
10664	80742	1
10664	51422	1
10664	5550	1
10664	5507	1
10664	403313	1
10664	27068	1
10664	5435	1
10664	64425	1
10664	23275	1
10664	267002	1
10664	10400	1
10664	5157	1
10664	5094	1
10664	5048	1
10664	5031	1
10664	5020	1
10664	4927	1
10664	9972	1
10664	30833	1
10664	7181	1
10664	4846	1
10664	7080	1
10664	152519	1
10664	79133	1
10664	29078	1
10664	56901	1
10664	51079	1
10664	26151	1
10664	653784	1
10664	25924	1
10664	399687	1
10664	28957	1
10664	9019	1
10664	51678	1
10664	4324	1
10664	4323	1
10664	9848	1
10664	196410	1
10664	5648	1
10664	5609	1
10664	28986	1
10664	25804	1
10664	55379	1
10664	653486	1
10664	643669	1
10664	100287482	1
10664	197021	1
10664	3931	1
10664	3848	1
10664	57462	1
10664	200845	1
10664	3783	1
10664	3780	1
10664	3770	1
10664	55677	1
10664	9445	1
10664	55174	1
10664	51141	1
10664	56623	1
10664	3572	1
10664	100750326	1
10664	94086	1
10664	3028	1
10664	9987	1
10664	51617	1
10664	8336	1
10664	23498	1
10664	83743	1
10664	2898	1
10664	29899	1
10664	2773	1
10664	392255	1
10664	2730	1
10664	10634	1
10664	10912	1
10664	4616	1
10664	2517	1
10664	90736	1
10664	9941	0.980859406730668
10664	2114	1
10664	2107	1
10664	2056	1
10664	2047	1
10664	2005	1
10664	60528	1
10664	1848	1
10664	51207	1
10664	80331	1
10664	1729	1
10664	9249	1
10664	64794	1
10664	51181	1
10664	1639	1
10664	26528	1
10664	23604	1
10664	1603	1
10664	1394	1
10664	144402	1
10664	22849	1
10664	80219	1
10664	8161	1
10664	10175	1
10664	27141	1
10664	1128	1
10664	29956	1
10664	9731	1
10664	1088	1
10664	64403	1
10664	978	1
10664	928	1
10664	10849	1
10664	221960	1
10664	57018	1
10664	79714	1
10664	343099	1
10664	54862	1
10664	875	1
10664	286207	1
10664	51250	1
10664	348738	1
10664	113444	1
10664	708	1
10664	388327	1
10664	161502	1
10664	118663	1
10664	572	1
10664	2583	1
10664	6310	1
10664	487	1
10664	468	1
10664	445	1
10664	434	1
10664	8853	1
10664	416	1
10664	379	1
10664	55701	1
10664	314	1
10664	10554	1
10664	37	1
10664	22885	1
10664	57406	1
10664	84836	1
10664	8086	1
1385	79364	1
1385	30834	1
1385	90850	1
1385	85460	1
1385	51538	1
1385	7533	1
1385	7480	1
1385	54904	1
1385	7716	1
1385	57176	1
1385	10713	1
1385	27005	1
1385	7277	1
1385	85453	1
1385	7158	1
1385	79905	1
1385	83877	1
1385	6891	1
1385	57551	1
1385	10460	1
1385	84530	1
1385	6671	1
1385	6602	1
1385	9644	1
1385	56904	1
1385	54665	1
1385	50484	1
1385	54509	1
1385	6001	1
1385	64864	1
1385	10235	1
1385	7879	1
1385	170394	1
1385	11156	1
1385	9991	1
1385	7916	1
1385	80758	1
1385	57479	1
1385	5468	1
1385	11232	1
1385	130271	1
1385	5335	1
1385	8398	1
1385	5310	1
1385	5305	1
1385	8503	1
1385	23338	1
1385	57649	1
1385	55795	1
1385	25891	1
1385	5058	1
1385	4967	1
1385	80224	1
1385	59277	1
1385	4864	1
1385	4862	1
1385	4791	1
1385	4763	1
1385	4761	1
1385	4753	1
1385	4750	1
1385	79804	1
1385	4628	1
1385	4585	1
1385	10943	1
1385	9757	1
1385	4296	1
1385	57692	1
1385	23764	1
1385	4038	1
1385	3915	1
1385	3912	1
1385	3911	1
1385	347240	1
1385	57576	1
1385	56992	1
1385	56243	1
1385	7403	1
1385	51780	1
1385	3782	1
1385	30818	1
1385	284058	1
1385	25959	1
1385	3714	1
1385	3688	1
1385	27429	1
1385	3316	1
1385	3326	1
1385	3112	1
1385	64399	1
1385	3054	1
1385	2782	1
1385	2865	1
1385	355	1
1385	9130	1
1385	253725	1
1385	387680	1
1385	63939	1
1385	55719	1
1385	285016	1
1385	2116	1
1385	90187	1
1385	63916	1
1385	1850	1
1385	2532	1
1385	51339	1
1385	1583	1
1385	1400	1
1385	10229	1
1385	4850	1
1385	10370	1
1385	1136	1
1385	1080	1
1385	90799	1
1385	55871	1
1385	865	1
1385	4076	1
1385	56260	1
1385	56951	1
1385	9605	1
1385	672	1
1385	255877	1
1385	10018	1
1385	10134	1
1385	56970	1
1385	11273	1
1385	269	1
1385	11174	1
1385	22985	1
1052	7124	1
1052	6441	1
1050	9831	1
1050	7988	1
1050	7515	1
1050	7486	1
1050	7480	1
1050	11180	1
1050	55275	1
1050	114990	1
1050	57176	1
1050	81567	1
1050	22954	1
1050	7167	1
1050	83931	1
1050	10011	1
1050	6542	1
1050	126969	1
1050	23516	1
1050	8604	1
1050	5270	1
1050	26135	1
1050	9919	1
1050	79596	1
1050	117177	1
1050	170679	1
1050	23215	1
1050	80758	1
1050	5520	1
1050	5468	1
1050	55624	1
1050	5433	1
1050	8503	1
1050	5156	1
1050	399909	1
1050	60676	1
1050	26031	1
1050	5007	1
1050	8204	1
1050	4802	1
1050	79804	1
1050	80198	1
1050	79684	1
1050	4320	1
1050	8085	1
1050	57591	1
1050	10873	1
1050	90550	1
1050	1432	1
1050	4296	1
1050	84232	1
1050	3927	1
1050	3915	1
1050	51780	1
1050	3782	1
1050	6453	1
1050	3673	1
1050	3240	1
1050	9454	1
1050	10021	1
1050	55142	1
1050	10888	1
1050	221395	1
1050	2719	1
1050	57704	1
1050	80144	1
1050	26263	1
1050	10922	1
1050	2194	1
1050	355	1
1050	9130	1
1050	64855	1
1050	2158	1
1050	1981	1
1050	1871	1
1050	1778	1
1050	1807	1
1050	9820	1
1050	51340	1
1050	1385	1
1050	1080	1
1050	729230	1
1050	891	1
1050	55739	1
1050	221545	1
1050	56970	1
1050	378	1
1050	338	1
988	54664	1
988	10802	1
988	5140	1
988	11044	1
988	403278	1
988	80218	1
988	64398	1
988	4233	1
988	4012	1
988	388585	1
988	2965	1
988	9615	1
988	151647	1
988	63951	1
988	22849	1
988	54825	1
988	928	1
988	497661	1
2186	27005	1
2186	143630	1
2186	55503	1
2186	56658	1
2186	115650	1
2186	54843	1
2186	6671	1
2186	8434	1
2186	11156	1
2186	25953	1
2186	8503	1
2186	7025	1
2186	339451	1
2186	3008	1
2186	51564	1
2186	9464	1
2186	285966	1
2186	1548	1
2186	4850	1
2186	83461	1
2186	55871	1
2186	147	1
2186	137872	1
8553	55003	1
8553	3298	1
8553	5476	1
8553	817	1
60468	56897	1
60468	7482	1
60468	7431	1
60468	9960	1
60468	130507	1
60468	158219	1
60468	140809	1
60468	339665	1
60468	23221	1
60468	51762	1
60468	60675	1
60468	8013	1
60468	4803	1
60468	359821	1
60468	4316	1
60468	9314	1
60468	3575	1
60468	27069	1
60468	389558	1
60468	768	1
60468	79447	1
571	55663	1
571	5212	1
571	7408	1
571	85464	1
571	171169	1
571	23381	1
571	8671	1
571	6324	1
571	5786	1
571	5774	1
571	5701	1
571	5567	1
571	4893	1
571	79784	1
571	4292	1
571	23139	1
571	55885	1
571	64689	1
571	2495	1
571	1588	1
571	818	1
571	91689	1
571	309	1
22926	741	1
22926	7528	1
22926	29761	1
22926	23224	1
22926	6774	1
22926	6547	1
22926	5250	1
22926	10952	1
22926	862	1
22926	8395	1
22926	9489	1
22926	4154	1
22926	5598	1
22926	5597	1
22926	26045	0.980859406730668
22926	348801	1
22926	200185	1
22926	10524	1
22926	3727	1
22926	50809	1
22926	3238	1
22926	3090	1
22926	10681	1
22926	2668	1
22926	11337	1
22926	94033	1
22926	2354	1
22926	642938	1
22926	83648	1
22926	22936	1
22926	1997	1
22926	253738	1
22926	7266	1
22926	552891	1
22926	55794	1
22926	11269	1
22926	23113	1
22926	1363	1
22926	116840	1
22926	26504	1
22926	55165	1
22926	222256	1
22926	83987	1
22926	55160	1
22926	29882	1
22809	7738	1
22809	463	1
22809	10009	1
22809	81567	1
22809	6996	1
22809	26039	1
22809	6734	1
22809	9627	1
22809	6602	1
22809	83732	1
22809	80346	1
22809	78994	1
22809	5178	1
22809	80224	1
22809	7025	1
22809	4750	1
22809	4289	1
22809	11253	1
22809	3960	1
22809	57576	1
22809	3714	1
22809	10644	1
22809	9742	1
22809	27429	1
22809	3054	1
22809	51571	1
22809	63939	1
22809	285016	1
22809	54935	1
22809	27254	1
22809	1314	1
22809	1136	1
22809	60677	1
22809	81563	1
22809	29965	1
22809	79058	1
22809	378	1
22809	147	1
22809	7920	1
468	54915	1
468	9101	1
468	9706	1
468	55236	1
468	6675	1
468	1890	1
468	9866	1
468	7109	1
468	10293	1
468	9777	1
468	6786	1
468	27044	1
468	10802	1
468	6095	1
468	91869	1
468	84957	1
468	5862	1
468	80742	1
468	55660	1
468	5550	1
468	5526	1
468	10471	1
468	11165	1
468	8715	1
468	4793	1
468	51079	1
468	51194	1
468	55081	1
468	3097	1
468	29925	1
468	79893	1
468	10961	1
468	50626	1
468	1327	1
468	9702	1
468	8941	1
468	57827	1
468	144577	1
468	375	1
1386	79177	1
1386	57178	1
1386	80232	1
1386	55720	1
1386	7220	1
1386	22906	1
1386	51669	1
1386	6720	1
1386	729201	1
1386	6456	1
1386	29106	1
1386	60561	1
1386	116154	1
1386	8013	1
1386	23385	1
1386	55892	1
1386	4601	1
1386	58526	1
1386	4208	1
1386	115123	1
1386	7798	1
1386	400027	1
1386	51574	1
1386	51621	1
1386	7071	1
1386	23247	1
1386	3781	1
1386	3741	1
1386	3716	1
1386	81618	1
1386	79190	1
1386	3631	1
1386	3399	1
1386	3397	1
1386	3219	1
1386	3181	1
1386	3096	1
1386	610	1
1386	9908	1
1386	143684	1
1386	57724	1
1386	8661	1
1386	29940	1
1386	8813	1
1386	116092	1
1386	1540	1
1386	8065	1
1386	1407	1
1386	22856	1
1386	128866	1
1386	9023	1
1386	1017	1
1386	8900	1
1386	79974	1
1386	132321	1
1386	51309	1
1386	196528	1
1386	23294	1
1386	57763	1
1386	51421	1
1386	79647	1
1386	65057	1
1386	116983	1
466	79177	1
466	57178	1
466	80232	1
466	22906	1
466	51669	1
466	6720	1
466	729201	1
466	29106	1
466	116154	1
466	4916	1
466	4914	1
466	8013	1
466	55892	1
466	4056	1
466	51574	1
466	51621	1
466	23247	1
466	3781	1
466	3716	1
466	81618	1
466	79190	1
466	3181	1
466	610	1
466	57724	1
466	8661	1
466	116092	1
466	8065	1
466	1407	1
466	128866	1
466	1017	1
466	925	1
466	8900	1
466	6352	1
466	132321	1
466	472	1
466	51309	1
466	23294	1
466	51421	1
466	116983	1
367	6777	1
367	6595	1
367	949	1
367	5578	1
367	5371	1
367	5469	1
367	3198	1
367	1588	1
367	1374	1
367	596	1
196	23613	1
196	57178	1
196	23174	1
196	7398	1
196	6653	1
196	4092	1
196	4091	1
196	54437	1
196	10806	1
196	23221	1
196	54870	1
196	5495	1
196	23236	1
196	29951	1
196	9708	1
196	26986	1
196	170685	1
196	7026	1
196	4831	1
196	4601	1
196	58526	1
196	11320	1
196	9782	1
196	10186	1
196	23592	1
196	4254	1
196	56479	1
196	8997	1
196	729920	1
196	3490	1
196	2130	1
196	79982	1
196	63967	1
196	1107	1
196	784	1
196	25912	1
196	388272	1
196	79447	1
196	27319	1
196	1386	1
196	10565	1
196	23294	1
196	116987	1
196	134265	1
196	107	1
26574	23641	1
25	55114	1
25	672	1
25	1385	1
25	55740	1
25	3636	1
25	5062	1
25	5295	1
25	5335	1
25	5883	1
25	5921	1
25	6714	1
25	8976	1
25	2547	1
25	7531	1
25	7533	1
25	7534	1
25	7535	1
29777	6908	1
121536	23641	1
121536	138046	1
166	367	1
8227	11007	1
8227	9406	1
322	7408	1
328	5111	1
328	7295	1
367	166	1
367	811	1
367	7818	1
367	5036	1
367	5881	1
367	10048	1
367	57786	1
367	10273	1
2909	387	1
84164	445	1
84164	51076	1
84164	60528	1
84164	2203	1
10973	9325	1
430	801	1
466	1387	1
466	9252	1
1386	8550	1
1386	9252	1
468	1054	1
55729	10691	1
55729	63971	1
55729	5671	1
472	4194	1
580	672	1
580	51588	1
580	9869	1
580	2547	1
54880	10013	1
8553	6774	1
274	79890	1
274	8723	1
648	57332	1
648	10989	1
648	1912	1
672	25	1
672	580	1
672	890	1
672	891	1
672	1019	1
672	2177	1
672	3014	1
672	4089	1
672	6597	1
672	8243	1
672	7158	1
672	7277	1
672	203068	1
672	7515	1
672	59348	1
9139	865	1
9139	9612	1
865	9139	1
11335	10951	1
11335	8290	1
8535	1487	1
57332	648	1
988	5001	1
1050	1019	1
1050	6927	1
1050	23054	1
1050	8554	1
1050	5933	1
1052	2033	1
1054	468	1
1059	142	1
10036	79797	1
1105	3020	1
1108	6597	1
1108	54464	1
10370	9355	1
7555	5094	1
4848	23019	1
4850	23019	1
25920	2353	1
8161	6310	1
8161	708	1
8161	51700	1
9318	50813	1
9318	5599	1
1385	25	1
1385	8721	1
1385	1432	1
1385	5861	1
1385	9400	1
1385	7067	1
84699	2033	1
1387	466	1
1387	2130	1
1387	3091	1
1387	3172	1
1387	3219	1
1387	8850	1
1387	9314	1
1387	2122	1
1387	4487	1
1387	4780	1
1387	401	1
1387	3516	1
1387	79753	1
1387	6720	1
1390	1452	1
1407	26224	1
1487	8535	1
1487	2004	1
1487	3090	1
1499	25776	1
1499	1006	1
1499	2099	1
1499	4771	1
1499	5175	1
1499	5792	1
1499	8607	1
1499	6256	1
1499	6299	1
1499	6929	1
1601	1857	1
1601	5580	1
1601	6714	1
1601	7048	1
1602	25942	1
1602	4088	1
1616	355	1
1616	10445	1
1616	11186	1
1616	26135	1
1616	7048	1
9802	23543	1
1642	80344	0.980859406730668
1643	3065	1
1649	2353	1
1649	5600	1
1649	6189	1
1747	5578	1
63948	10174	1
1786	10951	1
1786	1788	1
1786	1789	1
1788	1786	1
1788	1789	1
1788	3065	1
1788	7329	1
29947	29085	1
10589	54107	1
10589	6908	1
1870	7027	1
1871	890	1
1871	7027	1
85403	22936	1
8721	1385	1
8721	5468	1
1958	1029	1
1959	6663	1
1959	30812	1
10919	4005	1
2000	6502	1
2001	6210	1
2004	1487	1
2005	5594	1
22936	85403	1
2033	1052	1
2033	10980	1
2033	84699	1
2033	2874	1
2033	3192	1
2033	3206	1
2033	3725	1
2033	9656	1
2033	3164	1
2033	5629	1
2033	864	1
2033	6776	1
2033	6932	1
2033	7329	1
2034	112398	1
2034	9978	1
2068	2965	1
2071	613	1
2071	902	1
2099	10286	1
2099	1499	1
2099	79004	1
2099	23421	1
2099	55629	1
2099	3275	1
2099	10728	1
2099	6197	1
2099	10463	1
2099	6908	1
2099	9325	1
2101	23499	1
2101	5629	1
2113	5598	1
2114	5594	1
2114	5460	1
2130	86	1
2130	55297	1
2130	1387	1
2130	3306	1
2130	6210	1
2130	6297	1
2130	387923	1
2146	23588	1
2146	22981	1
2146	55884	1
2353	25920	1
2353	1649	1
2353	5600	1
2353	5705	1
2353	4088	1
2309	7376	1
8880	1107	1
8880	7431	1
8087	2634	1
8087	51631	1
8087	11098	1
9513	26999	1
9513	79036	1
9513	64769	1
9513	27316	1
2623	4005	1
2672	10401	1
10691	55729	1
26205	7329	1
2957	6872	1
2962	6722	1
2965	2068	1
2965	63971	1
2965	64210	1
2975	4809	1
9464	5528	1
26959	25942	1
3054	4297	1
3059	6714	1
3065	1643	1
3065	22907	1
3065	1788	1
3065	1789	1
3065	9112	1
3065	5928	1
3065	5934	1
3065	864	1
3065	23309	1
8841	55806	1
8841	5371	1
8841	7514	1
51564	9612	1
23493	25942	1
3090	1487	1
3091	5595	1
28996	7919	1
28996	4824	1
28996	94241	1
8341	56647	1
3148	5451	1
3150	3151	1
3150	6197	1
3151	3150	1
3151	6197	1
6927	1050	1
3172	1387	1
3172	23411	1
3172	8805	1
3182	60	1
3206	2033	1
3202	5087	1
3211	5087	1
3216	6303	1
3219	1387	1
3226	1956	1
55806	8841	1
3297	3298	1
3298	3297	1
3397	3428	1
3398	7849	1
3399	1017	1
3399	3428	1
3399	6720	1
3428	3397	1
3428	3399	1
3508	51691	1
3551	1147	1
3551	11213	1
3551	51135	1
3551	6885	1
3551	4793	1
3551	5588	1
22806	7329	1
3608	140890	1
3609	23567	1
3621	5947	1
3621	2810	1
3621	25942	1
3642	595	1
3642	4356	1
3661	3663	1
3661	51588	1
3661	353376	1
3663	3661	1
3665	1147	1
3725	2033	1
3725	4779	1
3725	55690	1
3725	5591	1
3725	6497	1
3725	6612	1
3725	7329	1
3726	4779	1
3727	4221	1
8850	1387	1
8850	51621	1
8850	2122	1
8850	3516	1
10524	3189	1
10524	4000	1
10524	4609	1
10524	23557	1
30818	1385	1
10657	6595	1
10657	10273	1
8570	23404	1
51621	8850	1
9314	1387	1
51176	4851	1
51176	51588	1
51176	4089	1
9355	10370	1
56956	4087	1
4005	10919	1
4005	2623	1
55885	1912	1
8543	64129	1
4094	6662	1
4097	4779	1
4149	5603	1
4149	1432	1
4149	8554	1
4149	10401	1
4149	4089	1
4152	4090	1
4171	8318	1
4171	4172	1
4171	4175	1
4171	4176	1
4171	1912	1
4172	8318	1
4172	4171	1
4172	4176	1
4173	4998	1
4174	4792	1
4175	8318	1
4175	4171	1
4175	4176	1
4175	5682	1
4176	8318	1
4176	4171	1
4176	4172	1
4176	4175	1
4194	472	1
2122	1387	1
2122	8850	1
5469	367	1
9282	2908	1
51586	81559	1
112950	55090	1
4205	1432	1
4205	4089	1
4205	7067	1
4208	983	1
4208	54345	1
4221	8826	1
4221	3727	1
4221	5929	1
4286	5080	1
4297	3054	1
6945	22877	1
22877	6945	1
64210	2965	1
4487	1387	1
9112	3065	1
9112	5928	1
9219	5928	1
4601	9126	1
4602	55294	1
4602	5594	1
4602	51701	1
4602	27044	1
10514	5111	1
4609	9063	1
4609	7846	1
4609	7709	1
26292	8165	1
4676	8370	1
8648	7025	1
8648	5468	1
8648	5698	1
8648	7067	1
8648	7533	1
8031	6256	1
23054	1050	1
23054	9612	1
23054	5468	1
23054	10432	1
23054	7067	1
23054	2547	1
9611	9975	1
9611	5757	1
9612	9139	1
9612	51564	1
9612	23054	1
9612	5468	1
9612	7067	1
9612	7531	1
4772	5578	1
4779	3725	1
4779	3726	1
4779	4097	1
4780	1387	1
4791	1654	1
4792	823	1
4792	841	1
4792	9908	1
4792	3178	1
4792	3932	1
4792	4215	1
4792	4174	1
4792	29110	1
4793	10849	1
4793	1147	1
4793	8454	1
4793	3551	1
4793	3838	1
4793	6885	1
4793	64425	1
4793	5437	1
4801	4904	1
7080	5594	1
4824	28996	1
4831	1759	1
4831	7431	1
9111	6663	1
4853	113878	1
4854	1147	1
4854	5663	1
4855	113878	1
8431	7376	1
8431	2494	1
9975	9611	1
7376	2309	1
7376	8431	1
10062	5914	1
7182	126382	1
7182	5037	1
7025	8648	1
7025	7067	1
7026	8805	1
2908	9282	1
2908	10728	1
2908	6908	1
2908	7295	1
3164	2033	1
2494	8431	1
2494	10957	1
8204	11007	1
8204	23641	1
8204	5468	1
8204	7533	1
5036	367	1
5036	5578	1
142	1059	1
142	3002	1
142	5451	1
142	5591	1
7849	3398	1
7849	4088	1
5087	3202	1
5087	3211	1
3651	6514	1
8864	1408	1
8864	1453	1
8864	1454	1
8864	9978	1
401	1387	1
8554	1050	1
8554	4149	1
8554	5747	1
8554	26135	1
8554	4089	1
8554	6773	1
9063	7919	1
9063	4609	1
9063	6774	1
10401	2672	1
10401	4149	1
10401	26135	1
10401	4089	1
10401	6773	1
51588	580	1
51588	3661	1
51588	51176	1
51588	4149	1
51588	26135	1
51588	4089	1
51588	6773	1
5316	3195	1
5371	904	1
5371	8841	1
5411	25957	1
5411	51538	1
55629	2099	1
64425	10849	1
64425	4793	1
64425	7343	1
5432	5440	1
5437	4793	1
5440	5432	1
5450	5451	1
5451	3148	1
5451	142	1
5460	2114	1
5468	23019	1
5468	8721	1
5468	8648	1
5468	9612	1
5468	8204	1
5629	2033	1
5629	2101	1
5757	9611	1
5757	5111	1
5757	5901	1
9232	64682	1
9232	8697	1
9232	2547	1
5888	10635	1
5888	5889	1
5888	6117	1
25788	26003	1
25788	5682	1
5914	81857	1
5914	10062	1
5915	4087	1
57786	367	1
5928	22907	1
5928	3065	1
5928	9112	1
5928	9219	1
23543	9802	1
5933	890	1
5933	1019	1
5933	1050	1
5933	4089	1
5933	7027	1
5934	896	1
5934	3065	1
10432	23054	1
10179	6428	1
27316	1153	1
27316	9513	1
3516	1387	1
3516	8850	1
3516	23013	1
5966	3312	1
5966	6908	1
57109	2099	1
5981	595	1
5981	5111	1
5981	5982	1
5993	5994	1
222546	2275	1
222546	26039	1
5994	5993	1
5994	6597	1
6015	2273	1
25897	6647	1
10921	9295	1
10921	6434	1
862	51225	1
864	2033	1
864	3065	1
8607	55257	1
8607	1499	1
8607	5340	1
6256	1499	1
6256	23421	1
6256	8031	1
6256	3275	1
6256	9025	1
6256	6908	1
6256	9325	1
6256	9326	1
6299	1499	1
6297	2130	1
8819	84312	1
22955	8834	1
9792	7027	1
9792	10155	1
25942	1602	1
25942	26959	1
25942	23493	1
25942	3621	1
25942	57215	1
23309	3065	1
23411	3172	1
22933	8555	1
10736	7088	1
6497	3725	1
4087	288	1
4087	56956	1
4087	5915	1
4087	4088	1
4087	7311	1
4088	288	1
4088	1602	1
4088	2353	1
4088	7849	1
4088	6175	1
4088	4087	1
4088	79987	1
4088	11018	1
4089	10139	1
4089	672	1
4089	79650	1
4089	2192	1
4089	51176	1
4089	5603	1
4089	4149	1
4089	4205	1
4089	60676	1
4089	8554	1
4089	10401	1
4089	51588	1
4089	83871	1
4089	5865	1
4089	23551	1
4089	5933	1
4089	27156	1
4089	6996	1
4089	7027	1
4089	7048	1
4089	9392	1
4089	58486	1
4090	4152	1
4090	5936	1
4091	4092	1
4092	55914	1
4092	4091	1
4092	9580	1
6595	10657	1
6597	672	1
6597	1108	1
6597	5994	1
6597	6773	1
6602	11007	1
6602	23641	1
10302	79184	1
27044	4602	1
79753	1387	1
6628	10421	1
6628	6499	1
6663	1959	1
6663	9111	1
9580	4092	1
30812	1959	1
6662	4094	1
23013	3516	1
6720	31	1
6720	1387	1
6720	3399	1
6722	839	1
6722	1397	1
6722	2273	1
6722	2962	1
6722	5591	1
6427	11033	1
6427	56893	1
6427	9406	1
6428	5094	1
6428	10179	1
6428	140890	1
6428	6732	1
6431	1195	1
8683	708	1
26039	222546	1
170463	26525	1
6772	818	1
6772	2176	1
6772	3561	1
6772	6777	1
6772	8717	1
6772	7514	1
6773	8554	1
6773	10401	1
6773	51588	1
6773	5520	1
6773	6597	1
6774	8553	1
6774	1230	1
6774	2241	1
6774	9063	1
6774	53632	1
6776	695	1
6776	2033	1
6776	2066	1
6776	2322	1
6776	5770	1
6777	55835	1
6777	1493	1
6777	6772	1
10923	6872	1
6827	7520	1
6829	56902	1
6829	5478	1
6872	25842	1
6872	55723	1
6872	2957	1
6872	10923	1
6872	8148	1
6872	6873	1
6872	6877	1
6872	6878	1
6881	6884	1
6881	129685	1
6883	6908	1
6884	6881	1
8148	6872	1
8148	6877	1
8148	7532	1
6877	6872	1
6877	8148	1
6877	6873	1
6877	6878	1
6878	6872	1
6878	6873	1
6878	6877	1
6895	27161	1
6908	29777	1
6908	10589	1
6908	2099	1
6908	3146	1
6908	2908	1
6908	5966	1
6908	6883	1
6908	9325	1
6917	9541	1
6917	55677	1
6919	54462	1
6919	6117	1
10915	10992	1
10915	10262	1
6929	1499	1
6929	5710	1
6929	6502	1
6929	29844	1
6932	2033	1
83439	51701	1
7027	1870	1
7027	1871	1
7027	5933	1
7027	9792	1
7027	4089	1
29844	6929	1
7041	225689	1
7050	3146	1
51497	10169	1
80764	11007	1
7067	1385	1
7067	4205	1
7067	8648	1
7067	23054	1
7067	9612	1
7067	7025	1
7067	6714	1
7067	6996	1
7067	7533	1
8914	1111	1
8914	54962	1
7088	403	1
7088	5423	1
7088	6303	1
7088	10736	1
7088	6637	1
3195	4782	1
3195	5316	1
7155	1460	1
7158	641	1
7158	672	1
7158	3014	1
7158	4750	1
6737	7534	1
8805	3172	1
8805	7026	1
7706	10342	1
10155	9792	1
10155	9869	1
10155	10168	1
11074	4100	1
22954	56893	1
9319	28970	1
9319	1400	1
9319	57707	1
9319	3927	1
9325	10973	1
9325	2099	1
9325	6256	1
9325	6908	1
7205	54855	1
7205	23513	1
7205	6651	1
8458	10460	1
7343	10849	1
7343	5594	1
7343	64425	1
5976	7920	1
5976	23248	1
5976	26019	1
5976	54464	1
7428	7203	1
7428	23032	1
51729	8440	1
51729	5501	1
51729	7431	1
11059	3561	1
56949	57685	1
7517	5889	1
7520	5111	1
7520	6827	1
2547	25	1
2547	529	1
2547	580	1
2547	2648	1
2547	23054	1
2547	4851	1
2547	9232	1
2547	7486	1
2547	7534	1
4904	4801	1
7528	22926	1
7528	4609	1
7709	3101	1
7709	3693	1
7709	4609	1
3104	1857	1
7538	80153	1
10168	10155	1
7755	11007	1
7755	56893	1
58500	1856	1
10127	51324	1
10782	4804	1
10782	7189	1
26152	11007	1
59348	672	1
59348	4750	1
79797	10036	1
79088	22981	1
26036	55660	1
9726	22981	1
115509	3192	1
9326	6256	1
9406	8227	1
9406	6427	1
