SourceNode	TargetNode	Weight
6722	2353	1
4609	5478	1
4609	10622	1
4609	4893	1
4609	2729	1
4149	595	1
7528	54926	1
7528	9320	1
7528	7072	1
7528	27230	1
7528	989	1
7528	6234	1
7528	6233	1
7528	6132	1
7528	25873	1
7528	6165	1
7528	6156	1
7528	6155	1
7528	64062	1
7528	5757	1
7528	51537	1
7528	57129	1
7528	645212	1
7528	10112	1
7528	3091	1
7528	2960	1
7528	54555	1
7528	829	1
7528	689	1
7528	517	1
7528	64801	1
7528	51074	1
7528	10096	1
7391	124997	1
7391	26793	1
7391	5900	1
7391	26064	1
7391	9135	1
7391	5699	1
7391	5321	1
7391	55795	1
7391	4289	1
7391	4144	1
7391	8425	1
7391	9314	1
7391	221914	1
7391	2194	1
7391	64773	1
7391	4189	1
7391	50813	1
7391	57673	1
7391	102	1
7391	31	1
6777	896	1
6776	595	1
6774	7422	1
6774	8835	1
6774	4609	1
6772	5292	1
6722	6876	1
6722	11259	1
6722	3491	1
6722	1490	1
6722	57124	1
6722	71	1
4800	199745	1
4800	51804	1
4800	5547	1
4800	79023	1
4800	847	1
4791	7185	1
4791	11021	1
4791	259307	1
4609	7504	1
4609	7486	1
4609	7408	1
4609	29128	1
4609	54822	1
4609	9319	1
4609	10329	1
4609	96764	1
4609	6774	1
4609	6432	1
4609	23516	1
4609	5902	1
4609	5901	1
4609	11137	1
4609	5481	1
4609	10528	1
4609	57486	1
4609	64976	1
4609	64087	1
4609	153364	1
4609	687	1
4609	3795	1
4609	3621	1
4609	51104	1
4609	1161	1
4609	8818	1
4609	1736	1
4609	1653	1
4609	51596	1
4609	10370	1
4609	79019	1
4609	8851	1
4609	721	1
4609	92667	1
4609	55729	1
4609	253982	1
4609	197	1
4609	132	1
4149	84669	1
4149	81622	1
4149	7277	1
4149	158135	1
4149	22878	1
4149	29110	1
4149	51629	1
4149	6493	1
4149	6309	1
4149	29890	1
4149	5930	1
4149	53917	1
4149	81579	1
4149	80012	1
4149	220323	1
4149	4914	1
4149	8996	1
4149	4221	1
4149	90411	1
4149	5595	1
4149	78999	1
4149	254531	1
4149	284023	1
4149	84894	1
4149	54813	1
4149	284058	1
4149	152789	1
4149	92579	1
4149	2101	1
4149	1959	1
4149	9343	1
4149	10589	1
4149	1654	1
4149	51265	1
4149	151903	1
4149	9256	1
4149	9530	1
4149	9474	1
4149	22863	1
4149	10092	1
4149	55911	1
3725	30011	1
3725	23645	1
3725	65009	1
3725	4316	1
3725	4314	1
3725	1366	1
2623	51222	1
2623	1396	1
2623	79680	1
2353	7791	1
2353	55974	1
2353	23221	1
2353	65009	1
2353	4314	1
2353	9656	1
2353	824	1
2353	571	1
2113	4313	1
1958	57623	1
1958	10322	1
1958	25897	1
1958	5155	1
1958	3622	1
1958	10589	1
1958	1789	1
1958	55861	1
1958	930	1
1958	283870	1
1958	659	1
1958	8553	1
7546	6506	1
7546	862	1
7546	22902	1
7546	54665	1
7546	5966	1
7546	8495	1
7546	7026	1
7546	9520	1
7546	89795	1
7546	116844	1
7546	26468	1
7546	51088	1
7546	7403	1
7546	2794	1
7546	55294	1
7546	54462	1
7546	747	1
7546	1436	1
7546	629	1
7546	8535	1
7546	9184	1
7546	493	1
7546	50650	1
7546	20	1
7528	26009	1
7528	285971	1
7528	84527	1
7528	340385	1
7528	7571	1
7528	7756	1
7528	9204	1
7528	55954	1
7528	23660	1
7528	7539	1
7528	220930	1
7528	84240	1
7528	55854	1
7528	253943	1
7528	348793	1
7528	8976	1
7528	23326	1
7528	7283	1
7528	8848	1
7528	55006	1
7528	201292	1
7528	7168	1
7528	7114	1
7528	283232	1
7528	55706	1
7528	152815	1
7528	51078	1
7528	6950	1
7528	6883	1
7528	51111	1
7528	29966	1
7528	2040	1
7528	6741	1
7528	6726	1
7528	5552	1
7528	6713	1
7528	27131	1
7528	9784	1
7528	6631	1
7528	26815	1
7528	595099	1
7528	57223	1
7528	6536	1
7528	80255	1
7528	1318	1
7528	257218	1
7528	57515	1
7528	152579	1
7528	9733	1
7528	6253	1
7528	23076	1
7528	6197	1
7528	6210	1
7528	6208	1
7528	6130	1
7528	6164	1
7528	6161	1
7528	6154	1
7528	153830	1
7528	80010	1
7528	6016	1
7528	10179	1
7528	5878	1
7528	26056	1
7528	29920	1
7528	54899	1
7528	5693	1
7528	133619	1
7528	112464	1
7528	5525	1
7528	25913	1
7528	10775	1
7528	10401	1
7528	84844	1
7528	5189	1
7528	64065	1
7528	8050	1
7528	9659	1
7528	51633	1
7528	54940	1
7528	129401	1
7528	286053	1
7528	27020	1
7528	4854	1
7528	51406	1
7528	4738	1
7528	4691	1
7528	222236	1
7528	342538	1
7528	50804	1
7528	92140	1
7528	6307	1
7528	79684	1
7528	51373	1
7528	740	1
7528	219972	1
7528	23515	1
7528	4256	1
7528	4236	1
7528	112950	1
7528	9442	1
7528	9439	1
7528	145553	1
7528	56890	1
7528	9782	1
7528	7786	1
7528	116068	1
7528	90624	1
7528	3998	1
7528	51451	1
7528	9741	1
7528	84078	1
7528	126119	1
7528	81533	1
7528	9118	1
7528	55272	1
7528	51124	1
7528	51182	1
7528	116835	1
7528	84343	1
7528	3239	1
7528	3189	1
7528	3183	1
7528	8357	1
7528	8336	1
7528	26959	1
7528	283254	1
7528	119391	1
7528	134266	1
7528	27238	1
7528	55830	1
7528	2495	1
7528	80144	1
7528	23219	1
7528	26261	1
7528	26223	1
7528	55179	1
7528	2098	1
7528	2033	1
7528	2029	1
7528	80237	1
7528	1968	1
7528	30845	1
7528	1859	1
7528	1795	1
7528	79982	1
7528	54788	1
7528	10301	1
7528	1738	1
7528	170506	1
7528	1606	1
7528	55827	1
7528	7818	1
7528	8450	1
7528	1349	1
7528	84987	1
7528	1307	1
7528	22883	1
7528	1181	1
7528	26586	1
7528	64105	1
7528	56990	1
7528	7203	1
7528	56267	1
7528	865	1
7528	128061	1
7528	79002	1
7528	115939	1
7528	746	1
7528	27154	1
7528	657	1
7528	56898	1
7528	11041	1
7528	10476	1
7528	25842	1
7528	51130	1
7528	10094	1
7528	55207	1
7528	151188	1
7528	8289	1
7528	377	1
7528	375	1
7528	328	1
7528	9179	1
7528	8125	1
7528	51434	1
7528	8846	1
7528	55109	1
7528	60496	1
338917	6723	1
338917	283514	1
338917	30011	1
338917	26297	1
338917	54437	1
338917	8503	1
338917	5101	1
338917	5080	1
338917	5017	1
338917	222223	1
338917	30818	1
338917	23415	1
338917	50939	1
338917	28981	1
338917	2782	1
338917	2251	1
338917	55924	1
338917	26220	1
338917	822	1
338917	56899	1
7391	9406	1
7391	84133	1
7391	51123	1
7391	84450	1
7391	7988	1
7391	64393	1
7391	139735	1
7391	54915	1
7391	388403	1
7391	10138	1
7391	22803	1
7391	56949	1
7391	100287171	1
7391	10713	1
7391	9958	1
7391	51733	1
7391	57578	1
7391	25989	1
7391	9706	1
7391	51366	1
7391	80746	1
7391	7249	1
7391	54765	1
7391	10221	1
7391	94241	1
7391	7293	1
7391	440955	1
7391	84283	1
7391	84302	1
7391	23306	1
7391	7091	1
7391	126668	1
7391	9797	1
7391	84144	1
7391	6812	1
7391	8677	1
7391	9262	1
7391	79689	1
7391	10402	1
7391	30812	1
7391	6602	1
7391	6422	1
7391	51460	1
7391	9869	1
7391	57190	1
7391	23513	1
7391	6326	1
7391	388228	1
7391	55316	1
7391	9252	1
7391	64221	1
7391	8731	1
7391	5914	1
7391	10268	1
7391	10266	1
7391	5883	1
7391	83871	1
7391	79037	1
7391	11156	1
7391	5730	1
7391	55615	1
7391	5443	1
7391	51090	1
7391	8398	1
7391	143689	1
7391	5295	1
7391	283871	1
7391	5202	1
7391	57546	1
7391	7703	1
7391	56111	1
7391	56105	1
7391	23178	1
7391	26986	1
7391	23386	1
7391	11188	1
7391	4784	1
7391	4780	1
7391	23054	1
7391	9027	1
7391	60672	1
7391	54531	1
7391	4207	1
7391	400569	1
7391	4176	1
7391	55777	1
7391	10982	1
7391	11184	1
7391	4061	1
7391	23507	1
7391	84861	1
7391	282617	1
7391	3551	1
7391	3375	1
7391	10808	1
7391	3215	1
7391	9987	1
7391	25988	1
7391	9146	1
7391	51191	1
7391	8841	1
7391	57657	1
7391	253018	1
7391	9329	1
7391	83445	1
7391	2585	1
7391	57600	1
7391	2205	1
7391	56204	1
7391	151647	1
7391	317649	1
7391	10938	1
7391	9149	1
7391	11072	1
7391	349152	1
7391	7802	1
7391	1609	1
7391	8527	1
7391	84649	1
7391	147906	1
7391	1551	1
7391	113612	1
7391	200186	1
7391	9586	1
7391	7464	1
7391	78989	1
7391	80781	1
7391	4850	1
7391	5010	1
7391	8814	1
7391	80279	1
7391	911	1
7391	896	1
7391	91057	1
7391	644019	1
7391	55262	1
7391	285636	1
7391	10826	1
7391	150383	1
7391	84221	1
7391	400258	1
7391	23246	1
7391	91272	1
7391	593	1
7391	146712	1
7391	80063	1
7391	23229	1
7391	10565	1
7391	22881	1
7391	651746	1
7391	56894	1
7391	84532	1
7391	84680	1
7391	116983	1
7391	36	1
7391	23	1
7050	51174	1
7050	94015	1
7050	158135	1
7050	6810	1
7050	134548	1
7050	6272	1
7050	5861	1
7050	4208	1
7050	22801	1
7050	93986	1
7050	1740	1
7050	10260	1
7050	830	1
7050	284067	1
7050	358	1
83439	4286	1
83439	595	1
6932	4609	1
6929	79797	1
6929	64852	1
6929	25987	1
6929	7164	1
6929	55260	1
6929	8859	1
6929	23034	1
6929	84153	1
6929	83547	1
6929	81890	1
6929	25824	1
6929	55624	1
6929	51050	1
6929	8641	1
6929	5091	1
6929	8013	1
6929	23154	1
6929	90634	1
6929	150678	1
6929	4296	1
6929	389692	1
6929	57805	1
6929	3742	1
6929	55502	1
6929	81577	1
6929	60674	1
6929	93611	1
6929	283849	1
6929	2099	1
6929	114625	1
6929	11316	1
6929	60677	1
6929	23587	1
6929	79650	1
6929	83938	1
6929	11285	1
6929	239	1
6929	79575	1
6908	7105	1
6908	9344	1
6908	6280	1
6908	6279	1
6908	54101	1
6908	100885850	1
6908	51367	1
6908	81285	1
6908	4946	1
6908	64332	1
6908	389692	1
6908	100132476	1
6908	728279	1
6908	60495	1
6908	55502	1
6908	10912	1
6908	1674	1
6908	1444	1
6908	23019	1
2623	150223	1
2623	7352	1
2623	6700	1
2623	57140	1
2623	5564	1
2623	4778	1
2623	3930	1
2623	63943	1
2623	1431	1
2623	9296	1
2623	343	1
6777	8731	1
6777	4774	1
6777	4487	1
6777	5602	1
6777	4040	1
6777	2702	1
6777	2530	1
6777	29940	1
6777	1387	1
6776	741	1
6776	171017	1
6776	26262	1
6776	80263	1
6776	6484	1
6776	6767	1
6776	30837	1
6776	9887	1
6776	84251	1
6776	79142	1
6776	5155	1
6776	64146	1
6776	4914	1
6776	11320	1
6776	4208	1
6776	9020	1
6776	3975	1
6776	200185	1
6776	64375	1
6776	2591	1
6776	93986	1
6776	54508	1
6776	401720	1
6776	1654	1
6776	144402	1
6776	283848	1
6776	961	1
6776	51744	1
6776	930	1
6776	91748	1
6774	168850	1
6774	25888	1
6774	199745	1
6774	6932	1
6774	10479	1
6774	5902	1
6774	9581	1
6774	4281	1
6774	54708	1
6774	84549	1
6774	4062	1
6774	79836	1
6774	9836	1
6774	687	1
6774	3697	1
6774	3572	1
6774	2690	1
6774	2674	1
6774	85458	1
6774	64925	1
6774	202243	1
6774	161424	1
6774	83596	1
6774	322	1
6774	259	1
6774	10449	1
6773	284273	1
6773	26118	1
6773	8633	1
6773	60684	1
6773	608	1
6773	7124	1
6773	7098	1
6773	7048	1
6773	55333	1
6773	692063	1
6773	6510	1
6773	6614	1
6773	23067	1
6773	440163	1
6773	144165	1
6773	639	1
6773	57475	1
6773	5339	1
6773	5292	1
6773	93129	1
6773	4926	1
6773	22978	1
6773	2908	1
6773	4245	1
6773	55090	1
6773	4026	1
6773	606724	1
6773	51780	1
6773	9424	1
6773	3700	1
6773	26145	1
6773	3399	1
6773	9563	1
6773	388323	1
6773	54438	1
6773	2243	1
6773	83541	1
6773	2119	1
6773	10521	1
6773	51523	1
6773	4283	1
6773	9547	1
6773	64651	1
6773	1436	1
6773	80315	1
6773	10087	1
6773	51266	1
6773	963	1
6773	960	1
6773	951	1
6773	8030	1
6773	57332	1
6773	140947	1
6773	221927	1
6773	9774	1
6773	127002	1
6773	10930	1
6773	320	1
6773	37	1
6772	25921	1
6772	284273	1
6772	8633	1
6772	10194	1
6772	89870	1
6772	60684	1
6772	23534	1
6772	608	1
6772	7124	1
6772	7098	1
6772	7048	1
6772	55333	1
6772	6780	1
6772	11262	1
6772	692063	1
6772	6510	1
6772	6614	1
6772	23067	1
6772	440163	1
6772	23179	1
6772	144165	1
6772	639	1
6772	51400	1
6772	57475	1
6772	5339	1
6772	5188	1
6772	5118	1
6772	56133	1
6772	25973	1
6772	93129	1
6772	4926	1
6772	2908	1
6772	10062	1
6772	4245	1
6772	55090	1
6772	5469	1
6772	23162	1
6772	6300	1
6772	4026	1
6772	606724	1
6772	57698	1
6772	9424	1
6772	3700	1
6772	26145	1
6772	9563	1
6772	388323	1
6772	51031	1
6772	54438	1
6772	286077	1
6772	83541	1
6772	2119	1
6772	157570	1
6772	2027	1
6772	1956	1
6772	10521	1
6772	54541	1
6772	51523	1
6772	4283	1
6772	9547	1
6772	64651	1
6772	1436	1
6772	80315	1
6772	10087	1
6772	51266	1
6772	963	1
6772	960	1
6772	951	1
6772	57332	1
6772	837	1
6772	140947	1
6772	221927	1
6772	641	1
6772	9774	1
6772	2583	1
6772	127002	1
6772	171023	1
6772	10930	1
6772	320	1
6772	37	1
6772	3983	1
6772	215	1
6772	2	1
6722	54575	1
6722	92703	1
6722	25870	1
6722	23673	1
6722	27044	1
6722	55974	1
6722	30011	1
6722	6258	1
6722	23623	1
6722	3921	1
6722	91582	1
6722	8613	1
6722	64840	1
6722	5338	1
6722	26207	1
6722	79031	1
6722	5101	1
6722	5087	1
6722	5080	1
6722	342979	1
6722	10627	1
6722	4595	1
6722	79594	1
6722	81857	1
6722	10489	1
6722	10319	1
6722	122953	1
6722	6782	1
6722	55806	1
6722	440689	1
6722	85236	1
6722	2876	1
6722	2874	1
6722	2010	1
6722	10919	1
6722	1676	1
6722	81037	1
6722	10143	1
6722	91012	1
6722	824	1
6722	810	1
6722	443	1
6722	51239	1
6720	51157	1
6720	64743	1
6720	9898	1
6720	1200	1
6720	11070	1
6720	80745	1
6720	6996	1
6720	9145	1
6720	132671	1
6720	353324	1
6720	114599	1
6720	6510	1
6720	23729	1
6720	57715	1
6720	54440	1
6720	6091	1
6720	390	1
6720	23179	1
6720	57826	1
6720	5790	1
6720	59335	1
6720	57460	1
6720	11040	1
6720	9063	1
6720	5188	1
6720	5108	1
6720	59277	1
6720	84445	1
6720	83450	1
6720	606724	1
6720	100130705	1
6720	9355	1
6720	26524	1
6720	54800	1
6720	90990	1
6720	55083	1
6720	7403	1
6720	9424	1
6720	23704	1
6720	54934	1
6720	64342	1
6720	221092	1
6720	83743	1
6720	10457	1
6720	2548	1
6720	22862	1
6720	25827	1
6720	387680	1
6720	63939	1
6720	57724	1
6720	8661	1
6720	112398	1
6720	1856	1
6720	1843	1
6720	7266	1
6720	27254	1
6720	1186	1
6720	8646	1
6720	924	1
6720	533	1
6720	468	1
6720	55252	1
6720	79058	1
6720	10930	1
6720	160	1
6720	111	1
6720	10351	1
6671	595	1
6662	285971	1
6662	57544	1
6662	158219	1
6662	84187	1
6662	10734	1
6662	9043	1
6662	55084	1
6662	6016	1
6662	266971	1
6662	80177	1
6662	11043	1
6662	9935	1
6662	3642	1
6662	28996	1
6662	58478	1
6662	55573	1
6662	54880	1
6662	8289	1
4092	51176	1
4089	7538	1
4089	5743	1
4089	3399	1
4089	3397	1
4089	4616	1
4089	2056	1
4089	1294	1
4089	8945	1
4089	338	1
4088	7538	1
4088	4091	1
4088	51176	1
4088	4616	1
4088	1294	1
4088	8945	1
4088	338	1
6258	284541	1
6258	1579	1
6258	1376	1
6258	1374	1
5915	115708	1
5915	5054	1
5915	64080	1
5915	222487	1
5915	10139	1
5915	133	1
6256	7869	1
6256	115273	1
6256	200931	1
6256	3916	1
6256	364	1
6256	257629	1
6256	84266	1
6256	34	1
862	3728	1
862	1436	1
6095	7167	1
6095	653567	1
6095	6522	1
6095	23034	1
6095	55103	1
6095	55624	1
6095	9423	1
6095	9722	1
6095	4430	1
6095	78988	1
6095	2298	1
6095	2246	1
6095	9681	1
6095	1390	1
6095	1136	1
6095	9139	1
6095	666	1
5989	115950	1
5989	219333	1
5989	145567	1
5989	79865	1
5989	29888	1
5989	51324	1
5989	55064	1
5989	6610	1
5989	23541	1
5989	6382	1
5989	9810	1
5989	50862	1
5989	100885850	1
5989	5435	1
5989	83449	1
5989	440503	1
5989	81285	1
5989	2063	1
5989	79671	1
5989	167359	1
5989	5600	1
5989	81502	1
5989	389524	1
5989	54874	1
5989	203259	1
5989	54757	1
5989	84067	1
5989	27098	1
5989	23491	1
5989	1020	1
5989	1017	1
5989	84909	1
5989	127003	1
5989	79447	1
5989	627	1
5989	550	1
5989	554235	1
5989	93650	1
5966	55350	1
5966	10318	1
5966	6913	1
5966	8676	1
5966	6780	1
5966	200734	1
5966	6660	1
5966	4088	1
5966	81539	1
5966	6510	1
5966	6506	1
5966	6464	1
5966	152503	1
5966	55752	1
5966	8767	1
5966	57826	1
5966	5743	1
5966	58510	1
5966	5292	1
5966	22822	1
5966	4791	1
5966	10783	1
5966	7940	1
5966	606724	1
5966	343450	1
5966	3780	1
5966	3720	1
5966	3553	1
5966	6927	1
5966	3096	1
5966	401647	1
5966	486	1
5966	51439	1
5966	2027	1
5966	2000	1
5966	1981	1
5966	1956	1
5966	6352	1
5966	90427	1
5966	558	1
3516	171558	1
5916	1071	1
5915	7066	1
5915	6280	1
5915	6279	1
5914	6595	1
5914	5920	1
5914	5449	1
5914	8204	1
5914	2113	1
5914	1592	1
5468	388610	1
5468	26517	1
5468	170463	1
5468	27111	1
5468	63905	1
6256	3295	1
5468	54206	1
5468	1374	1
5468	728642	1
5468	81928	1
5468	443	1
5468	64601	1
5468	58485	1
5468	30009	1
5468	23075	1
5468	6723	1
5468	92369	1
5468	6616	1
5468	23446	1
5468	6469	1
5468	6440	1
5468	5414	1
5468	6343	1
5468	6258	1
5468	84268	1
5468	6048	1
5468	10465	1
5468	5216	1
5468	390275	1
5468	4745	1
5468	26012	1
5468	51079	1
5468	55016	1
5468	340745	1
5468	85329	1
5468	64175	1
5468	338785	1
5468	3569	1
5468	55806	1
5468	3227	1
5468	392862	1
5468	2876	1
5468	26003	1
5468	125111	1
5468	2353	1
5468	2275	1
5468	2197	1
5468	2104	1
5468	10436	1
5468	10919	1
5468	1848	1
5468	1410	1
5468	91689	1
5468	9824	1
5468	9507	1
5468	25890	1
5460	7621	1
5460	7486	1
5460	6932	1
5460	65975	1
5460	91252	1
5460	7779	1
5460	25769	1
5460	9581	1
5460	4734	1
5460	4281	1
5460	8972	1
5460	3621	1
5460	255626	1
5460	2842	1
5460	1647	1
5460	84922	1
5460	10370	1
5451	57688	1
5451	23414	1
5451	196441	1
5451	26118	1
5451	7456	1
5451	65109	1
5451	8633	1
5451	56893	1
5451	7296	1
5451	27327	1
5451	7124	1
5451	9220	1
5451	200132	1
5451	6907	1
5451	6895	1
5451	6820	1
5451	10147	1
5451	6773	1
5451	85464	1
5451	6660	1
5451	4088	1
5451	6506	1
5451	23067	1
5451	57556	1
5451	54440	1
5451	862	1
5451	22902	1
5451	84870	1
5451	50484	1
5451	6091	1
5451	22838	1
5451	5997	1
5451	23179	1
5451	5966	1
5451	57826	1
5451	7916	1
5451	5579	1
5451	166336	1
5451	639	1
5451	5521	1
5451	5518	1
5451	5450	1
5451	130271	1
5451	375133	1
5451	23469	1
5451	79960	1
5451	23338	1
5451	53918	1
5451	56100	1
5451	3084	1
5451	7026	1
5451	79858	1
5451	4684	1
5451	79804	1
5451	80155	1
5451	4520	1
5451	10943	1
5451	9562	1
5451	11343	1
5451	79157	1
5451	4205	1
5451	4152	1
5451	375449	1
5451	4133	1
5451	286343	1
5451	55885	1
5451	3977	1
5451	55214	1
5451	51176	1
5451	158358	1
5451	57698	1
5451	84678	1
5451	3762	1
5451	3772	1
5451	8514	1
5451	3720	1
5451	6453	1
5451	3560	1
5451	22806	1
5451	3512	1
5451	3397	1
5451	8843	1
5451	3026	1
5451	23151	1
5451	2875	1
5451	2651	1
5451	2650	1
5451	2589	1
5451	2560	1
5451	94033	1
5451	8547	1
5451	55294	1
5451	84691	1
5451	27436	1
5451	667	1
5451	1747	1
5451	10395	1
5451	1601	1
5451	1540	1
5451	1373	1
5451	80315	1
5451	4848	1
5451	8476	1
5451	973	1
5451	577	1
5451	6310	1
5451	516	1
5451	9140	1
5451	319	1
5451	120425	1
5451	26993	1
5451	120	1
5371	3728	1
10401	1030	1
5087	84107	1
5087	283514	1
5087	26001	1
5087	5080	1
5087	3569	1
5087	51077	1
5087	2104	1
5087	1490	1
5087	85445	1
5087	56899	1
5080	54361	1
5080	10274	1
5080	9501	1
5080	26150	1
5080	146850	1
5080	3651	1
5080	342897	1
5080	79710	1
5080	113220	1
5080	10602	1
5080	124944	1
5080	50808	1
23598	169841	1
23598	221504	1
23598	150223	1
23598	7477	1
23598	7716	1
23598	6892	1
23598	10228	1
23598	386757	1
23598	6513	1
23598	10801	1
23598	6015	1
23598	10287	1
23598	91461	1
23598	399909	1
23598	4761	1
23598	100128788	1
23598	56834	1
23598	57369	1
23598	2631	1
23598	55810	1
23598	1760	1
23598	8816	1
23598	79869	1
23598	81035	1
23598	1107	1
23598	84446	1
23598	64919	1
23598	8905	1
2908	54739	1
2908	9898	1
2908	7073	1
2908	399512	1
2908	27180	1
2908	27036	1
2908	347735	1
2908	64218	1
2908	51655	1
2908	5451	1
2908	5204	1
2908	3084	1
2908	7026	1
2908	6300	1
2908	3977	1
2908	51780	1
2908	3773	1
2908	8514	1
2908	259307	1
2908	11100	1
2908	143279	1
2908	2710	1
2908	54541	1
2908	1589	1
2908	135228	1
2908	8535	1
2908	481	1
2908	160	1
2908	3983	1
7026	9203	1
7026	65266	1
7026	51754	1
7026	11011	1
7026	57715	1
7026	23248	1
7026	5361	1
7026	5339	1
7026	116154	1
7026	93129	1
7026	8736	1
7026	65108	1
7026	4125	1
7026	286343	1
7026	90990	1
7026	63940	1
7026	127534	1
7026	10211	1
7026	286077	1
7026	83648	1
7026	2027	1
7026	2000	1
7026	1856	1
7026	29102	1
7026	27013	1
7026	9075	1
7026	8646	1
7026	140947	1
7026	149840	1
7026	254863	1
7026	60370	1
7026	533	1
7026	478	1
7026	215	1
7025	7456	1
7025	1200	1
7025	7127	1
7025	4088	1
7025	6462	1
7025	57715	1
7025	29106	1
7025	253143	1
7025	58510	1
7025	10891	1
7025	5364	1
7025	84547	1
7025	5105	1
7025	283694	1
7025	3084	1
7025	10062	1
7025	10811	1
7025	4245	1
7025	8216	1
7025	127845	1
7025	10211	1
7025	26233	1
7025	2027	1
7025	1639	1
7025	1543	1
7025	25920	1
7025	149840	1
7025	90427	1
7025	53335	1
7025	468	1
7025	171023	1
7025	26084	1
7025	338	1
7025	140701	1
4825	9699	1
4825	8398	1
4825	286362	1
4825	51701	1
4825	4774	1
4825	122830	1
4825	266727	1
4825	2719	1
4825	1112	1
4825	10516	1
4825	1123	1
4825	129138	1
4825	83440	1
4824	9724	1
4824	57544	1
4824	55773	1
4824	84651	1
4824	5479	1
4824	11232	1
4824	5294	1
4824	4889	1
4824	25934	1
4824	9541	1
4824	865	1
4824	387978	1
4824	305	1
4824	11174	1
4802	57586	1
4802	283514	1
4802	6469	1
4802	8438	1
4802	55660	1
4802	5166	1
4802	54539	1
4802	55604	1
4802	30818	1
4802	3119	1
4802	2175	1
4802	54206	1
4802	83460	1
4802	81617	1
4801	79696	1
4801	219743	1
4801	7074	1
4801	6510	1
4801	7025	1
4801	4361	1
4801	9772	1
4801	2648	1
4801	221092	1
4801	10866	1
4801	27069	1
4801	9513	1
4801	4283	1
4801	79094	1
4801	23130	1
4801	353322	1
4800	30834	1
4800	400720	1
4800	255403	1
4800	25888	1
4800	23174	1
4800	51384	1
4800	284403	1
4800	114049	1
4800	79001	1
4800	84132	1
4800	29128	1
4800	55253	1
4800	158248	1
4800	10906	1
4800	22974	1
4800	7112	1
4800	27346	1
4800	55076	1
4800	201931	1
4800	55171	1
4800	6903	1
4800	338069	1
4800	389058	1
4800	6519	1
4800	7779	1
4800	286140	1
4800	116028	1
4800	388	1
4800	5786	1
4800	55037	1
4800	5510	1
4800	51645	1
4800	87178	1
4800	8502	1
4800	8864	1
4800	53354	1
4800	23595	1
4800	80207	1
4800	11339	1
4800	4924	1
4800	4841	1
4800	4758	1
4800	133686	1
4800	23417	1
4800	219541	1
4800	4174	1
4800	4172	1
4800	64087	1
4800	687	1
4800	79932	1
4800	3572	1
4800	3188	1
4800	8364	1
4800	255626	1
4800	3008	1
4800	3014	1
4800	165082	1
4800	10243	1
4800	7918	1
4800	84656	1
4800	2739	1
4800	2653	1
4800	2329	1
4800	2193	1
4800	2108	1
4800	1161	1
4800	11221	1
4800	11258	1
4800	1394	1
4800	1164	1
4800	1070	1
4800	79019	1
4800	8318	1
4800	221960	1
4800	891	1
4800	343099	1
4800	154467	1
4800	84312	1
4800	29086	1
4800	5926	1
4800	54522	1
4800	125061	1
4800	132	1
4800	6296	1
4800	51703	1
4800	38	1
4791	7538	1
4791	55717	1
4791	55350	1
4791	7188	1
4791	7186	1
4791	10318	1
4791	7124	1
4791	9220	1
4791	6913	1
4791	27148	1
4791	6660	1
4791	4088	1
4791	6403	1
4791	862	1
4791	23248	1
4791	8767	1
4791	57826	1
4791	5743	1
4791	26248	1
4791	7940	1
4791	4035	1
4791	22806	1
4791	112817	1
4791	3096	1
4791	8111	1
4791	486	1
4791	286077	1
4791	1956	1
4791	1536	1
4791	8646	1
4791	1675	1
4791	10225	1
4791	6352	1
4791	440712	1
4791	90427	1
4791	329	1
4791	53335	1
4791	408	1
4791	26993	1
4783	152002	1
4783	7337	1
4783	9414	1
4783	23158	1
4783	6659	1
4783	862	1
4783	5860	1
4783	5629	1
4783	5292	1
4783	53918	1
4783	63908	1
4783	4520	1
4783	116931	1
4783	606724	1
4783	3977	1
4783	343450	1
4783	221037	1
4783	3181	1
4783	3026	1
4783	27069	1
4783	285172	1
4783	629	1
4783	160419	1
4783	50650	1
4783	26993	1
4783	22985	1
4783	10349	1
4782	389856	1
4782	340205	1
4782	7066	1
4782	7060	1
4782	79735	1
4782	8859	1
4782	6626	1
4782	6520	1
4782	83642	1
4782	23541	1
4782	5763	1
4782	5624	1
4782	5553	1
4782	5424	1
4782	28511	1
4782	4608	1
4782	4324	1
4782	83752	1
4782	3661	1
4782	3162	1
4782	8969	1
4782	2314	1
4782	84067	1
4782	2158	1
4782	1642	0.979518932341947
4782	5476	1
4782	4849	1
4782	1054	1
4782	733	1
4782	189	1
4779	6657	1
4779	388336	1
4779	11243	1
4779	26211	1
4779	100874107	1
4779	64983	1
4779	100874251	1
4779	55500	1
4779	10554	1
4779	147	1
4778	84942	1
4778	10911	1
4778	203068	1
4778	6547	1
4778	391	1
4778	123904	1
4778	4318	1
4778	348801	1
4778	4000	1
4778	3782	1
4778	3601	1
4778	1760	1
4778	10540	1
4778	79096	1
4778	58504	1
4772	55279	1
4772	8615	1
4772	54499	1
4772	9597	1
4772	8493	1
4772	84376	1
4772	1307	1
4772	28952	1
4772	11131	1
4772	51309	1
4772	23243	1
4609	30834	1
4609	54680	1
4609	168850	1
4609	10794	1
4609	27309	1
4609	54877	1
4609	84524	1
4609	65986	1
4609	7465	1
4609	146845	1
4609	7422	1
4609	7993	1
4609	5412	1
4609	8805	1
4609	10906	1
4609	3842	1
4609	7112	1
4609	27346	1
4609	55171	1
4609	6903	1
4609	57465	1
4609	23353	1
4609	55240	1
4609	338069	1
4609	6733	1
4609	6732	1
4609	8835	1
4609	6634	1
4609	6629	1
4609	9410	1
4609	79811	1
4609	133308	1
4609	91252	1
4609	347734	1
4609	7779	1
4609	79751	1
4609	64849	1
4609	10736	1
4609	7095	1
4609	10483	1
4609	55776	1
4609	11102	1
4609	6138	1
4609	55328	1
4609	5984	1
4609	5959	1
4609	54814	1
4609	9444	1
4609	5786	1
4609	5706	1
4609	5695	1
4609	285800	1
4609	51645	1
4609	493911	1
4609	55276	1
4609	5164	1
4609	5151	1
4609	84306	1
4609	5095	1
4609	55872	1
4609	10038	1
4609	53354	1
4609	4928	1
4609	79023	1
4609	9975	1
4609	55505	1
4609	64434	1
4609	10276	1
4609	4731	1
4609	4717	1
4609	56160	1
4609	79731	1
4609	133686	1
4609	55892	1
4609	4598	1
4609	4489	1
4609	51642	1
4609	25895	1
4609	4201	1
4609	4174	1
4609	4172	1
4609	9053	1
4609	116372	1
4609	26065	1
4609	65999	1
4609	81543	1
4609	285441	1
4609	4001	1
4609	3990	1
4609	8022	1
4609	9836	1
4609	283455	1
4609	57563	1
4609	11014	1
4609	125476	1
4609	3383	1
4609	3297	1
4609	7923	1
4609	10236	1
4609	2941	1
4609	165082	1
4609	10243	1
4609	84656	1
4609	27165	1
4609	2674	1
4609	25929	1
4609	2665	1
4609	2653	1
4609	2638	1
4609	2632	1
4609	10129	1
4609	2272	1
4609	2237	1
4609	85002	1
4609	55177	1
4609	125228	1
4609	2108	1
4609	10961	1
4609	54869	1
4609	27102	1
4609	79631	1
4609	1936	1
4609	8411	1
4609	1889	1
4609	1854	1
4609	552891	1
4609	54431	1
4609	10901	1
4609	79758	1
4609	79039	1
4609	79077	1
4609	11258	1
4609	1525	1
4609	1312	1
4609	25932	1
4609	27141	1
4609	1103	1
4609	80254	1
4609	153241	1
4609	55839	1
4609	11135	1
4609	891	1
4609	93233	1
4609	158055	1
4609	114926	1
4609	78996	1
4609	56913	1
4609	64776	1
4609	144453	1
4609	83596	1
4609	64343	1
4609	534	1
4609	5926	1
4609	54443	1
4609	203286	1
4609	51129	1
4609	259	1
4609	79800	1
4609	59344	1
4609	29880	1
4609	214	1
4609	210	1
4609	137964	1
4609	122622	1
4609	95	1
4609	91	1
4609	92370	1
4609	51	1
4609	38	1
4602	7220	1
4602	30812	1
4602	6635	1
4602	51460	1
4602	23513	1
4602	5745	1
4602	29968	1
4602	23649	1
4602	8398	1
4602	4176	1
4602	4162	1
4602	4144	1
4602	8425	1
4602	144455	1
4602	200186	1
4602	1387	1
4602	490	1
4601	124626	1
4601	7784	1
4601	148066	1
4601	84287	1
4601	653635	1
4601	127733	1
4601	56061	1
4601	55787	1
4601	27229	1
4601	9675	1
4601	163590	1
4601	51524	1
4601	80213	1
4601	26521	1
4601	1678	1
4601	7036	1
4601	9894	1
4601	8801	1
4601	10809	1
4601	283377	1
4601	6044	1
4601	23293	1
4601	283130	1
4601	23408	1
4601	23094	1
4601	51091	1
4601	9136	1
4601	6097	1
4601	54884	1
4601	10156	1
4601	115273	1
4601	5494	1
4601	10105	1
4601	84265	1
4601	64425	1
4601	55163	1
4601	375775	1
4601	5347	1
4601	138429	1
4601	65018	1
4601	5229	1
4601	5163	1
4601	10039	1
4601	94101	1
4601	4913	1
4601	55768	1
4601	4719	1
4601	65220	1
4601	27163	1
4601	4522	1
4601	64981	1
4601	55034	1
4601	100507436	1
4601	28992	1
4601	3980	1
4601	3916	1
4601	10524	1
4601	359948	1
4601	83943	1
4601	23308	1
4601	3364	1
4601	3329	1
4601	10247	1
4601	3029	1
4601	2987	1
4601	149699	1
4601	2957	1
4601	60313	1
4601	27333	1
4601	2639	1
4601	51809	1
4601	79672	1
4601	2286	1
4601	441168	1
4601	2184	1
4601	2114	1
4601	1964	1
4601	1801	1
4601	548645	1
4601	1729	1
4601	79132	1
4601	1723	1
4601	80344	1
4601	26007	1
4601	50626	1
4601	220002	1
4601	1201	1
4601	1128	1
4601	1122	1
4601	10036	1
4601	9702	1
4601	57820	1
4601	115098	1
4601	23468	1
4601	790	1
4601	144577	1
4601	90488	1
4601	28970	1
4601	282969	1
4601	54014	1
4601	51027	1
4601	79754	1
4601	93436	1
4601	121642	1
4601	29929	1
4601	51390	1
4601	55256	1
4601	137872	1
4601	91703	1
4601	50	1
4601	30	1
4601	26574	1
4205	7538	1
4205	7763	1
4205	340554	1
4205	123720	1
4205	56893	1
4205	83696	1
4205	608	1
4205	9220	1
4205	7057	1
4205	261729	1
4205	23648	1
4205	23384	1
4205	25992	1
4205	23676	1
4205	4092	1
4205	6543	1
4205	8402	1
4205	871	1
4205	26135	1
4205	57556	1
4205	9632	1
4205	862	1
4205	84870	1
4205	126638	1
4205	390	1
4205	401190	1
4205	5859	1
4205	5801	1
4205	5579	1
4205	53632	1
4205	144165	1
4205	639	1
4205	10450	1
4205	10891	1
4205	5364	1
4205	23207	1
4205	11040	1
4205	23338	1
4205	5156	1
4205	56100	1
4205	55690	1
4205	26248	1
4205	7026	1
4205	10783	1
4205	4684	1
4205	93649	1
4205	10943	1
4205	4311	1
4205	55090	1
4205	286343	1
4205	79705	1
4205	9926	1
4205	56956	1
4205	3936	1
4205	3780	1
4205	3775	1
4205	3688	1
4205	3636	1
4205	3631	1
4205	3399	1
4205	3308	1
4205	3096	1
4205	51696	1
4205	222545	1
4205	2805	1
4205	401647	1
4205	2700	1
4205	94033	1
4205	8603	1
4205	54462	1
4205	83541	1
4205	91828	1
4205	2027	1
4205	1956	1
4205	54808	1
4205	51207	1
4205	1571	1
4205	1373	1
4205	80315	1
4205	1294	1
4205	84733	1
4205	814	1
4205	816	1
4205	114905	1
4205	481	1
4205	92591	1
4205	9181	1
4205	55843	1
4205	10930	1
4205	320	1
4205	26985	1
4205	270	1
4205	26993	1
4205	10121	1
4205	22985	1
4205	37	1
4149	741	1
4149	79759	1
4149	51545	1
4149	57623	1
4149	124245	1
4149	51043	1
4149	27107	1
4149	144406	1
4149	84294	1
4149	27340	1
4149	8239	1
4149	26019	1
4149	7353	1
4149	54963	1
4149	7345	1
4149	55585	1
4149	7322	1
4149	10907	1
4149	200081	1
4149	7257	1
4149	54795	1
4149	80263	1
4149	7133	1
4149	90809	1
4149	83604	1
4149	55161	1
4149	85019	1
4149	79847	1
4149	284114	1
4149	11018	1
4149	25976	1
4149	84948	1
4149	7050	1
4149	9392	1
4149	26123	1
4149	140290	1
4149	10312	1
4149	1155	1
4149	64786	1
4149	10494	1
4149	6793	1
4149	6776	1
4149	6484	1
4149	6676	1
4149	100126798	1
4149	56006	1
4149	9887	1
4149	23381	1
4149	9057	1
4149	148867	1
4149	56996	1
4149	22933	1
4149	23387	1
4149	6452	1
4149	9723	1
4149	6330	1
4149	10067	1
4149	6277	1
4149	51750	1
4149	246243	1
4149	64864	1
4149	9401	1
4149	5884	1
4149	5881	1
4149	7879	1
4149	5834	1
4149	126789	1
4149	54517	1
4149	5814	1
4149	9791	1
4149	5691	1
4149	5591	1
4149	63976	1
4149	11230	1
4149	84152	1
4149	50512	1
4149	4860	1
4149	56902	1
4149	55558	1
4149	5315	1
4149	23396	1
4149	80119	1
4149	79142	1
4149	5155	1
4149	9159	1
4149	26577	1
4149	51585	1
4149	5050	1
4149	5001	1
4149	116150	1
4149	10762	1
4149	54820	1
4149	80018	1
4149	80198	1
4149	51001	1
4149	83876	1
4149	114932	1
4149	22808	1
4149	4356	1
4149	55700	1
4149	4122	1
4149	158056	1
4149	4097	1
4149	54585	1
4149	595101	1
4149	84823	1
4149	3987	1
4149	3964	1
4149	9079	1
4149	200185	1
4149	65095	1
4149	23008	1
4149	23351	1
4149	3770	1
4149	162073	1
4149	51477	1
4149	51135	1
4149	23096	1
4149	3299	1
4149	11077	1
4149	3291	1
4149	3257	1
4149	10363	1
4149	204851	1
4149	113510	1
4149	55027	1
4149	29915	1
4149	54985	1
4149	84264	1
4149	29083	1
4149	440270	1
4149	64841	1
4149	2717	1
4149	2597	1
4149	374378	1
4149	2580	1
4149	93986	1
4149	2273	1
4149	143282	1
4149	56929	1
4149	112812	1
4149	2177	1
4149	23116	1
4149	83641	1
4149	54491	1
4149	23197	1
4149	55763	1
4149	7957	1
4149	219670	1
4149	9694	1
4149	1995	1
4149	8637	1
4149	3646	1
4149	1965	1
4149	8893	1
4149	30008	1
4149	1845	1
4149	11062	1
4149	57572	1
4149	55192	1
4149	1740	1
4149	1666	1
4149	10522	1
4149	1627	1
4149	1487	1
4149	1438	1
4149	23373	1
4149	23406	1
4149	25927	1
4149	152302	1
4149	23152	1
4149	90799	1
4149	1952	1
4149	10153	1
4149	1050	1
4149	1027	1
4149	23552	1
4149	1604	1
4149	54482	1
4149	339230	1
4149	29903	1
4149	818	1
4149	91304	1
4149	79415	1
4149	284067	1
4149	283870	1
4149	80178	1
4149	90416	1
4149	55589	1
4149	56271	1
4149	11177	1
4149	148789	1
4149	8312	1
4149	56970	1
4149	9550	1
4149	529	1
4149	220202	1
4149	140459	1
4149	55616	1
4149	417	1
4149	55156	1
4149	54622	1
4149	1820	1
4149	341	1
4149	23431	1
4149	57719	1
4149	54851	1
4149	147463	1
4149	84079	1
4149	83607	1
4149	9949	1
4149	84335	1
4149	113146	1
4149	57406	1
4149	22	1
4149	10347	1
4149	19	1
5595	595	1
5594	1019	1
4005	153527	1
4005	8717	1
4005	6746	1
4005	345079	1
4005	57223	1
4005	6536	1
4005	26953	1
4005	5704	1
4005	5326	1
4005	5291	1
4005	4889	1
4005	64951	1
4005	56947	1
4005	3839	1
4005	8826	1
4005	10949	1
4005	2668	1
4005	2116	1
4005	2028	1
4005	1997	1
4005	9538	1
4005	1303	1
4005	10849	1
4005	766	1
4005	90355	1
4005	27032	1
4005	9131	1
8022	3842	1
8022	80704	1
8022	5706	1
8022	145978	1
8022	2217	1
8022	1834	1
8022	85458	1
8022	1103	1
51176	4684	1
51176	1454	1
51176	9075	1
11278	64856	1
11278	7343	1
11278	51174	1
11278	23471	1
11278	10067	1
11278	9401	1
11278	5580	1
11278	25936	1
11278	9219	1
11278	4208	1
11278	3987	1
11278	64375	1
11278	26263	1
11278	23644	1
11278	11068	1
11278	90799	1
11278	818	1
11278	800	1
11278	80178	1
3727	10103	1
3727	7442	1
3727	285386	1
3727	6929	1
3727	79735	1
3727	6881	1
3727	83931	1
3727	6520	1
3727	27240	1
3727	29950	1
3727	6405	1
3727	6279	1
3727	83547	1
3727	11186	1
3727	5031	1
3727	403257	1
3727	4836	1
3727	4674	1
3727	23788	1
3727	8629	1
3727	84842	1
3727	1876	1
3727	10294	1
3727	80219	1
3727	83446	1
3727	92558	1
3727	673	1
3727	488	1
3727	84164	1
3727	64240	1
3726	64131	1
3726	64743	1
3726	10493	1
3726	9218	1
3726	219743	1
3726	7186	1
3726	7048	1
3726	8148	1
3726	8467	1
3726	6535	1
3726	10991	1
3726	6510	1
3726	6424	1
3726	154075	1
3726	9821	1
3726	5801	1
3726	84262	1
3726	10544	1
3726	5519	1
3726	23207	1
3726	11040	1
3726	23077	1
3726	79157	1
3726	4133	1
3726	10892	1
3726	4063	1
3726	23266	1
3726	26468	1
3726	9903	1
3726	3831	1
3726	23240	1
3726	23277	1
3726	51780	1
3726	3781	1
3726	22806	1
3726	3090	1
3726	9931	1
3726	8111	1
3726	79153	1
3726	286077	1
3726	54462	1
3726	2130	1
3726	1856	1
3726	9547	1
3726	1495	1
3726	1294	1
3726	10164	1
3726	81688	1
3726	221336	1
3726	533	1
3726	481	1
3726	79058	1
3726	51433	1
3726	37	1
3726	55324	1
3725	7791	1
3725	51042	1
3725	51538	1
3725	55187	1
3725	388610	1
3725	7205	1
3725	9777	1
3725	22980	1
3725	30968	1
3725	10073	1
3725	55974	1
3725	6456	1
3725	6440	1
3725	2810	1
3725	27111	1
3725	23221	1
3725	1104	1
3725	10848	1
3725	64840	1
3725	79990	1
3725	5216	1
3725	5110	1
3725	5080	1
3725	9127	1
3725	5017	1
3725	55644	1
3725	256933	1
3725	57407	1
3725	196264	1
3725	4225	1
3725	9656	1
3725	3914	1
3725	8942	1
3725	338785	1
3725	3880	1
3725	3823	1
3725	57650	1
3725	10207	1
3725	3359	1
3725	6782	1
3725	2931	1
3725	2629	1
3725	2354	1
3725	2353	1
3725	55199	1
3725	11124	1
3725	54206	1
3725	151651	1
3725	63950	1
3725	54205	1
3725	124936	1
3725	58191	1
3725	148327	1
3725	10980	1
3725	10602	1
3725	998	1
3725	283234	1
3725	130940	1
3725	824	1
3725	147968	1
3725	822	1
3725	817	1
3725	126695	1
3725	118611	1
3725	8896	1
3725	10286	1
3725	83478	1
3725	259173	1
3725	226	1
3725	65057	1
3665	51337	1
3665	25945	1
3665	63976	1
3665	4286	1
3665	3959	1
3665	284058	1
3665	2597	1
3665	93986	1
3665	2214	1
3665	9343	1
3665	1756	1
3665	8706	1
3665	56970	1
3665	9949	1
3662	6404	1
3662	4049	1
3662	3609	1
3662	55722	1
3662	5244	1
3298	153527	1
3298	5212	1
3298	283237	1
3298	27433	1
3298	10728	1
3298	9240	1
3298	5217	1
3298	84246	1
3298	51056	1
3298	10553	1
3298	3312	1
3298	664709	1
3298	51512	1
3298	26127	1
3298	2004	1
3298	7203	1
3298	51501	1
3297	158248	1
3297	9410	1
3297	4174	1
3297	54708	1
3297	3621	1
3297	10575	1
3219	4684	1
3202	4684	1
3172	90204	1
3172	163081	1
3172	148254	1
3172	153527	1
3172	7514	1
3172	9589	1
3172	7485	1
3172	7429	1
3172	54926	1
3172	79876	1
3172	283237	1
3172	60487	1
3172	7178	1
3172	148534	1
3172	54499	1
3172	6950	1
3172	8887	1
3172	94056	1
3172	8803	1
3172	8428	1
3172	57213	1
3172	81848	1
3172	347454	1
3172	345079	1
3172	57228	1
3172	5003	1
3172	257218	1
3172	10802	1
3172	60592	1
3172	79005	1
3172	25939	1
3172	9125	1
3172	6189	1
3172	6227	1
3172	6166	1
3172	127544	1
3172	9781	1
3172	6016	1
3172	5793	1
3172	653505	1
3172	23236	1
3172	84844	1
3172	5228	1
3172	64065	1
3172	26578	1
3172	27020	1
3172	51406	1
3172	51199	1
3172	4811	1
3172	222236	1
3172	103910	1
3172	4615	1
3172	57509	1
3172	51537	1
3172	10933	1
3172	112950	1
3172	51690	1
3172	3957	1
3172	9741	1
3172	55614	1
3172	56704	1
3172	51141	1
3172	64135	1
3172	3306	1
3172	51170	1
3172	3176	1
3172	8365	1
3172	8357	1
3172	28996	1
3172	9555	1
3172	119391	1
3172	51053	1
3172	51022	1
3172	2745	1
3172	96459	1
3172	196483	1
3172	728833	1
3172	653820	1
3172	3995	1
3172	2116	1
3172	2035	1
3172	2028	1
3172	58478	1
3172	1997	1
3172	85440	1
3172	85406	1
3172	10671	1
3172	79004	1
3172	51004	1
3172	942	1
3172	9936	1
3172	905	1
3172	60492	1
3172	84317	1
3172	768	1
3172	79002	1
3172	51501	1
3172	11118	1
3172	11041	1
3172	151188	1
3172	26225	1
3172	8289	1
3172	55435	1
3172	302	1
3172	8165	1
3172	150209	1
3172	60312	1
3172	47	1
6927	23613	1
6927	9839	1
6927	253769	1
6927	284013	1
6927	10194	1
6927	6907	1
6927	27347	1
6927	261729	1
6927	353189	1
6927	28231	1
6927	28234	1
6927	114789	1
6927	57715	1
6927	112483	1
6927	5870	1
6927	58510	1
6927	144165	1
6927	59335	1
6927	8495	1
6927	10891	1
6927	5156	1
6927	56100	1
6927	4929	1
6927	7026	1
6927	10062	1
6927	79804	1
6927	4133	1
6927	4026	1
6927	51088	1
6927	3773	1
6927	9955	1
6927	3026	1
6927	127845	1
6927	2538	1
6927	486	1
6927	89846	1
6927	143684	1
6927	55719	1
6927	79956	1
6927	112398	1
6927	1871	1
6927	1373	1
6927	9075	1
6927	8646	1
6927	1105	1
6927	3426	1
6927	8476	1
6927	79098	1
6927	160419	1
6927	175	1
6927	120	1
3131	134285	1
3131	23293	1
3131	56107	1
3131	4601	1
3131	387509	1
3131	1776	1
3131	57003	1
3131	23468	1
3131	64400	1
3091	7423	1
3091	5228	1
3091	3796	1
3091	2152	1
3091	2033	1
3091	768	1
2623	25946	1
2623	11180	1
2623	10383	1
2623	7272	1
2623	9866	1
2623	51399	1
2623	22906	1
2623	6622	1
2623	6513	1
2623	57630	1
2623	5270	1
2623	10801	1
2623	5778	1
2623	27039	1
2623	390197	1
2623	56901	1
2623	9918	1
2623	4627	1
2623	1954	1
2623	2846	1
2623	29995	1
2623	57456	1
2623	3782	1
2623	22807	1
2623	11337	1
2623	2309	1
2623	252995	1
2623	9679	1
2623	2118	1
2623	2014	1
2623	1788	1
2623	6372	1
2623	1298	1
2623	5127	1
2623	990	1
2623	10666	1
2623	51066	1
2623	57198	1
2623	361	1
2623	92949	1
2623	25	1
2309	23339	1
2309	55591	1
2309	10791	1
2309	1890	1
2309	8675	1
2309	10801	1
2309	92304	1
2309	22913	1
2309	5290	1
2309	27328	1
2309	219487	1
2309	3662	1
2309	112752	1
2309	27042	1
2309	81035	1
2309	914	1
2309	8573	1
2309	776	1
2308	79735	1
2308	65010	1
2308	23314	1
2308	10471	1
2308	4580	1
2308	2885	1
2308	81577	1
2308	1642	0.979518932341947
2308	23576	1
2308	79447	1
2308	8915	1
2308	79868	1
55810	203547	1
55810	55591	1
55810	114990	1
55810	9960	1
55810	143630	1
55810	10418	1
55810	10371	1
55810	6237	1
55810	56963	1
55810	9051	1
55810	51196	1
55810	7867	1
55810	55227	1
55810	83897	1
55810	11337	1
55810	22909	1
55810	59271	1
55810	1499	1
55810	257106	1
2354	7791	1
2354	55187	1
2354	30968	1
2354	55974	1
2354	30011	1
2354	6440	1
2354	5414	1
2354	27111	1
2354	23221	1
2354	10848	1
2354	64840	1
2354	79990	1
2354	5216	1
2354	5017	1
2354	256933	1
2354	65009	1
2354	4316	1
2354	4314	1
2354	9656	1
2354	57650	1
2354	10207	1
2354	3359	1
2354	11124	1
2354	64781	1
2354	824	1
2354	147968	1
2354	8896	1
2354	571	1
2353	374655	1
2353	55187	1
2353	25870	1
2353	30968	1
2353	60386	1
2353	30011	1
2353	6440	1
2353	2810	1
2353	5414	1
2353	113675	1
2353	27111	1
2353	1104	1
2353	10848	1
2353	64840	1
2353	5216	1
2353	5017	1
2353	256933	1
2353	4316	1
2353	23139	1
2353	81631	1
2353	3914	1
2353	57650	1
2353	23415	1
2353	10207	1
2353	163702	1
2353	11124	1
2353	2023	1
2353	151651	1
2353	1398	1
2353	1366	1
2353	64781	1
2353	283234	1
2353	147968	1
2353	8896	1
2118	7431	1
2118	4318	1
2118	695	1
2114	1583	1
2114	672	1
2113	7424	1
2113	8731	1
2113	5159	1
2113	5046	1
2113	4846	1
2113	4602	1
2113	146664	1
2113	3678	1
2113	652	1
2113	285	1
2099	54902	1
2099	7156	1
2099	6911	1
2099	55238	1
2099	65010	1
2099	201232	1
2099	5054	1
2099	8013	1
2099	4799	1
2099	56180	1
2099	64223	1
2099	90134	1
2099	3315	1
2099	2308	1
2099	53841	1
2099	551	1
2034	6513	1
2033	25876	1
2033	6388	1
2033	56984	1
2033	8493	1
2033	9659	1
2033	26960	1
2033	136319	1
2033	253827	1
2033	58526	1
2033	9890	1
2033	645212	1
2033	3490	1
2033	3239	1
2033	92906	1
2033	2621	1
2033	2289	1
2033	25940	1
2033	728833	1
2033	653820	1
2033	63916	1
1960	51123	1
1960	10713	1
1960	83983	1
1960	9627	1
1960	25942	1
1960	152006	1
1960	8395	1
1960	5295	1
1960	283871	1
1960	5048	1
1960	26986	1
1960	4289	1
1960	90768	1
1960	3911	1
1960	10749	1
1960	56479	1
1960	9987	1
1960	2707	1
1960	57452	1
1960	2263	1
1960	64762	1
1960	159090	1
1960	26523	1
1960	1949	1
1960	1780	1
1960	1815	1
1960	25861	1
1960	147906	1
1960	51302	1
1960	200186	1
1960	116840	1
1960	9793	1
1960	969	1
1960	959	1
1960	10983	1
1960	801	1
1960	56260	1
1960	25909	1
1960	146	1
1959	146198	1
1959	7481	1
1959	29761	1
1959	7343	1
1959	9040	1
1959	9537	1
1959	57522	1
1959	6272	1
1959	10322	1
1959	9887	1
1959	51629	1
1959	79085	1
1959	375035	1
1959	5930	1
1959	5861	1
1959	5814	1
1959	5580	1
1959	9374	1
1959	9159	1
1959	5050	1
1959	80198	1
1959	158056	1
1959	100240735	1
1959	3622	1
1959	93986	1
1959	23625	1
1959	1958	1
1959	10589	1
1959	1789	1
1959	55861	1
1959	23152	1
1959	79586	1
1959	283870	1
1959	220202	1
1959	107	1
1958	79699	1
1958	741	1
1958	388558	1
1958	7629	1
1958	79759	1
1958	84146	1
1958	80818	1
1958	171017	1
1958	58500	1
1958	118813	1
1958	146198	1
1958	162239	1
1958	124245	1
1958	51043	1
1958	7525	1
1958	7481	1
1958	92715	1
1958	64856	1
1958	8239	1
1958	84669	1
1958	65110	1
1958	9040	1
1958	10907	1
1958	200081	1
1958	158135	1
1958	57217	1
1958	26262	1
1958	8295	1
1958	27037	1
1958	80263	1
1958	22878	1
1958	122553	1
1958	9697	1
1958	23471	1
1958	9537	1
1958	9868	1
1958	115650	1
1958	57583	1
1958	79847	1
1958	11018	1
1958	7100	1
1958	51337	1
1958	7942	1
1958	26123	1
1958	10732	1
1958	29110	1
1958	23061	1
1958	8867	1
1958	6810	1
1958	10494	1
1958	57522	1
1958	80725	1
1958	10253	1
1958	9789	1
1958	6671	1
1958	30837	1
1958	8944	1
1958	9887	1
1958	6526	1
1958	79581	1
1958	57181	1
1958	284439	1
1958	51629	1
1958	79085	1
1958	6509	1
1958	6497	1
1958	134549	1
1958	10044	1
1958	55681	1
1958	56681	1
1958	6122	1
1958	246243	1
1958	51455	1
1958	7905	1
1958	9401	1
1958	9584	1
1958	55131	1
1958	29890	1
1958	5930	1
1958	125950	1
1958	5921	1
1958	51195	1
1958	7879	1
1958	5861	1
1958	126789	1
1958	54517	1
1958	5814	1
1958	8073	1
1958	5747	1
1958	9791	1
1958	5691	1
1958	5562	1
1958	9374	1
1958	25845	1
1958	23126	1
1958	55558	1
1958	5328	1
1958	5311	1
1958	64219	1
1958	23396	1
1958	5305	1
1958	79142	1
1958	26147	1
1958	5001	1
1958	4968	1
1958	57489	1
1958	4952	1
1958	116150	1
1958	23225	1
1958	4914	1
1958	79664	1
1958	51001	1
1958	9219	1
1958	55320	1
1958	51108	1
1958	196074	1
1958	56257	1
1958	84515	1
1958	114044	1
1958	90411	1
1958	4149	1
1958	4134	1
1958	9064	1
1958	4122	1
1958	158056	1
1958	57149	1
1958	9684	1
1958	78999	1
1958	8543	1
1958	3964	1
1958	9215	1
1958	65095	1
1958	3845	1
1958	50801	1
1958	51477	1
1958	3299	1
1958	3141	1
1958	284004	1
1958	26091	1
1958	10870	1
1958	54985	1
1958	2934	1
1958	64841	1
1958	2580	1
1958	92579	1
1958	93986	1
1958	2271	1
1958	56929	1
1958	388650	1
1958	2101	1
1958	219670	1
1958	84337	1
1958	30008	1
1958	84455	1
1958	23644	1
1958	1810	1
1958	55929	1
1958	8562	1
1958	10260	1
1958	1649	1
1958	123879	1
1958	131566	1
1958	285761	1
1958	8454	1
1958	1487	1
1958	23406	1
1958	54108	1
1958	8208	1
1958	90799	1
1958	1050	1
1958	940	1
1958	595	1
1958	54482	1
1958	339230	1
1958	29903	1
1958	830	1
1958	23271	1
1958	818	1
1958	221322	1
1958	150590	1
1958	79415	1
1958	91748	1
1958	9256	1
1958	9577	1
1958	57448	1
1958	56271	1
1958	148789	1
1958	8312	1
1958	466	1
1958	10092	1
1958	79637	1
1958	335	1
1958	6868	1
1958	27034	1
1958	116236	1
1879	54503	1
1879	9213	1
1879	84942	1
1879	11344	1
1879	943	1
1879	147138	1
1879	8871	1
1879	27090	1
1879	130367	1
1879	10169	1
1879	10801	1
1879	64121	1
1879	6001	1
1879	11264	1
1879	5777	1
1879	55015	1
1879	170954	1
1879	89932	1
1879	4669	1
1879	64005	1
1879	9961	1
1879	84300	1
1879	10227	1
1879	4000	1
1879	3958	1
1879	3956	1
1879	3689	1
1879	79663	1
1879	3265	1
1879	93323	1
1879	2319	1
1879	955	1
1879	27335	1
1879	8531	1
1879	1192	1
1879	9578	1
1879	991	1
1879	80127	1
1879	55727	1
1879	57198	1
1879	10947	1
1879	339416	1
144455	7733	1
144455	6870	1
144455	6777	1
144455	137868	1
144455	29072	1
144455	645832	1
144455	79685	1
144455	6299	1
144455	9699	1
144455	10743	1
144455	9135	1
144455	23649	1
144455	26986	1
144455	9631	1
144455	4916	1
144455	4900	1
144455	10763	1
144455	266727	1
144455	4176	1
144455	8425	1
144455	84859	1
144455	3226	1
144455	9987	1
144455	57657	1
144455	55572	1
144455	151647	1
144455	159090	1
144455	220832	1
144455	10938	1
144455	1786	1
144455	57685	1
144455	55684	1
144455	158381	1
144455	23229	1
144455	55811	1
1876	91752	1
1876	115950	1
1876	55311	1
1876	331	1
1876	55697	1
1876	6434	1
1876	10452	1
1876	55260	1
1876	10460	1
1876	6839	1
1876	6811	1
1876	6611	1
1876	10051	1
1876	6522	1
1876	23235	1
1876	6382	1
1876	29115	1
1876	6242	1
1876	83937	1
1876	10714	1
1876	5257	1
1876	440836	1
1876	22981	1
1876	90634	1
1876	83463	1
1876	55957	1
1876	8969	1
1876	10021	1
1876	8733	1
1876	29925	1
1876	2189	1
1876	65990	1
1876	23344	1
1876	58513	1
1876	120227	1
1876	10664	1
1876	79174	0.979518932341947
1876	27243	1
1876	977	1
1876	9139	1
1876	284325	1
1876	79447	1
1876	2683	1
1876	79798	1
1871	51333	1
1871	10493	1
1871	7102	1
1871	83696	1
1871	60684	1
1871	9095	1
1871	23648	1
1871	6659	1
1871	6532	1
1871	63027	1
1871	6510	1
1871	23067	1
1871	57147	1
1871	54665	1
1871	23215	1
1871	253143	1
1871	5629	1
1871	5625	1
1871	10450	1
1871	5292	1
1871	54510	1
1871	11044	1
1871	7025	1
1871	388677	1
1871	4853	1
1871	374354	1
1871	4783	1
1871	23218	1
1871	51237	1
1871	23162	1
1871	286343	1
1871	100130705	1
1871	9355	1
1871	26524	1
1871	7403	1
1871	259307	1
1871	3486	1
1871	3482	1
1871	3219	1
1871	11100	1
1871	57817	1
1871	83743	1
1871	2746	1
1871	6468	1
1871	143684	1
1871	2056	1
1871	23052	1
1871	11083	1
1871	168002	1
1871	58190	1
1871	64651	1
1871	57585	1
1871	10845	1
1871	8646	1
1871	8476	1
1871	57332	1
1871	11335	1
1871	816	1
1871	132321	1
1871	254863	1
1871	22809	1
1871	84896	1
1870	91603	1
1870	7515	1
1870	7316	1
1870	7301	1
1870	1890	1
1870	55000	1
1870	56658	1
1870	51399	1
1870	6890	1
1870	10474	1
1870	140901	1
1870	254428	1
1870	147912	1
1870	10572	1
1870	146923	1
1870	389	1
1870	56963	1
1870	65055	1
1870	5933	1
1870	9991	1
1870	8396	1
1870	5013	1
1870	84901	1
1870	4751	1
1870	4671	1
1870	4613	1
1870	10227	1
1870	9833	1
1870	22919	1
1870	284358	1
1870	4000	1
1870	3930	1
1870	283212	1
1870	57456	1
1870	9786	1
1870	112752	1
1870	3206	1
1870	3054	1
1870	93323	1
1870	3020	1
1870	2976	1
1870	10681	1
1870	2778	1
1870	79709	1
1870	2623	1
1870	2593	1
1870	389549	1
1870	2235	1
1870	26232	1
1870	2192	1
1870	54478	1
1870	5977	1
1870	54567	1
1870	1616	1
1870	1588	1
1870	1499	1
1870	25904	1
1870	1192	1
1870	113189	1
1870	1072	1
1870	1031	1
1870	83461	1
1870	990	1
1870	904	1
1870	23466	1
1870	55727	1
1870	283149	1
1870	8314	1
1870	272	1
1870	57463	1
1870	171019	1
1870	170487	1
1649	54963	1
1649	284339	1
1649	6748	1
1649	55095	1
1649	5030	1
1649	4804	1
1649	4632	1
1649	4617	1
1649	64375	1
1649	93986	1
1649	1807	1
1649	79742	1
1649	23152	1
1649	8208	1
1649	830	1
1649	9459	1
1649	1175	1
10664	79364	1
10664	90592	1
10664	57473	1
10664	84936	1
10664	84885	1
10664	79670	1
10664	10897	1
10664	27183	1
10664	137492	1
10664	389856	1
10664	3093	1
10664	10422	1
10664	145567	1
10664	7105	1
10664	25987	1
10664	9819	1
10664	10155	1
10664	7164	1
10664	83590	1
10664	728229	1
10664	10469	1
10664	80764	1
10664	6911	1
10664	8189	1
10664	6840	1
10664	29888	1
10664	8636	1
10664	6695	1
10664	83985	1
10664	55064	1
10664	6674	1
10664	10580	1
10664	116937	1
10664	55627	1
10664	6610	1
10664	389015	1
10664	23428	1
10664	6522	1
10664	64924	1
10664	6455	1
10664	9739	1
10664	29950	1
10664	23753	1
10664	6382	1
10664	23314	1
10664	23034	1
10664	6280	1
10664	220441	1
10664	84153	1
10664	54101	1
10664	89941	1
10664	85021	1
10664	11186	1
10664	57610	1
10664	55103	1
10664	81890	1
10664	29942	1
10664	5781	1
10664	23550	1
10664	23362	1
10664	5550	1
10664	55624	1
10664	5435	1
10664	5432	1
10664	8985	1
10664	5332	1
10664	5257	1
10664	57649	1
10664	81572	1
10664	5138	1
10664	79957	1
10664	10298	1
10664	5031	1
10664	4998	1
10664	11054	1
10664	161753	1
10664	4931	1
10664	79902	1
10664	440672	1
10664	126382	1
10664	7181	1
10664	10641	1
10664	79671	1
10664	284086	1
10664	26151	1
10664	64428	1
10664	8775	1
10664	51172	1
10664	25924	1
10664	4430	1
10664	80179	1
10664	4580	1
10664	84245	1
10664	84057	1
10664	4324	1
10664	4285	1
10664	6837	1
10664	5606	1
10664	440738	1
10664	389692	1
10664	54947	1
10664	81691	1
10664	4010	1
10664	54758	1
10664	3833	1
10664	79190	1
10664	3661	1
10664	3351	1
10664	94086	1
10664	80270	1
10664	81502	1
10664	3038	1
10664	3000	1
10664	83903	1
10664	55876	1
10664	2904	1
10664	2898	1
10664	2806	1
10664	29926	1
10664	10912	1
10664	8322	1
10664	84750	1
10664	51236	1
10664	139231	1
10664	27146	1
10664	79632	1
10664	23344	1
10664	83715	1
10664	377841	1
10664	2005	1
10664	55268	1
10664	10072	1
10664	80331	1
10664	3338	1
10664	9704	1
10664	1656	1
10664	64794	1
10664	23576	1
10664	26528	1
10664	2920	1
10664	5476	1
10664	1408	1
10664	1390	1
10664	80219	1
10664	11316	1
10664	9382	1
10664	27098	1
10664	23562	1
10664	1154	1
10664	1145	1
10664	634	1
10664	929	1
10664	57018	1
10664	54862	1
10664	875	1
10664	388743	1
10664	733	1
10664	286006	1
10664	619208	1
10664	84077	1
10664	389084	1
10664	84645	1
10664	199920	1
10664	114897	1
10664	23587	1
10664	55290	1
10664	673	1
10664	613	1
10664	10018	1
10664	2683	1
10664	10677	1
10664	550	1
10664	55723	1
10664	409	1
10664	10717	1
10664	29882	1
10664	267	1
10664	84962	1
10664	23394	1
10664	203054	1
10664	79575	1
148327	359	1
1385	155061	1
1385	25946	1
1385	51222	1
1385	79882	1
1385	221504	1
1385	51341	1
1385	7533	1
1385	51186	1
1385	7716	1
1385	7329	1
1385	7316	1
1385	11344	1
1385	85453	1
1385	91107	1
1385	7165	1
1385	7158	1
1385	8742	1
1385	943	1
1385	64129	1
1385	54997	1
1385	6547	1
1385	10169	1
1385	6324	1
1385	79897	1
1385	6015	1
1385	391	1
1385	6001	1
1385	221662	1
1385	5792	1
1385	5777	1
1385	9991	1
1385	80758	1
1385	80742	1
1385	9128	1
1385	9600	1
1385	8396	1
1385	123904	1
1385	3164	1
1385	4862	1
1385	4778	1
1385	4761	1
1385	4705	1
1385	118490	1
1385	1954	1
1385	4215	1
1385	642852	1
1385	51621	1
1385	3782	1
1385	3745	1
1385	3714	1
1385	9807	1
1385	3601	1
1385	55081	1
1385	112752	1
1385	200205	1
1385	3316	1
1385	3209	1
1385	3150	1
1385	3122	1
1385	3054	1
1385	2950	1
1385	10681	1
1385	59345	1
1385	57369	1
1385	389549	1
1385	9130	1
1385	9156	1
1385	955	1
1385	90187	1
1385	8664	1
1385	1906	1
1385	2532	1
1385	1588	1
1385	1501	1
1385	64764	1
1385	1375	1
1385	1153	1
1385	1081	1
1385	1951	1
1385	1025	1
1385	8941	1
1385	10263	1
1385	80763	1
1385	83695	1
1385	8314	1
1385	11273	1
1385	10550	1
1385	55160	1
1385	23357	1
9575	6097	1
1052	7124	1
1052	6441	1
1052	3553	1
1052	6352	1
1050	79759	1
1050	84327	1
1050	7480	1
1050	54963	1
1050	7343	1
1050	9040	1
1050	157753	1
1050	55161	1
1050	284339	1
1050	8614	1
1050	6748	1
1050	10011	1
1050	57181	1
1050	123041	1
1050	8436	1
1050	6330	1
1050	55095	1
1050	5346	1
1050	5307	1
1050	57526	1
1050	5001	1
1050	26471	1
1050	4804	1
1050	4632	1
1050	4617	1
1050	80198	1
1050	9219	1
1050	4286	1
1050	4192	1
1050	221496	1
1050	23008	1
1050	3673	1
1050	3633	1
1050	3586	1
1050	64375	1
1050	55142	1
1050	10888	1
1050	50486	1
1050	2273	1
1050	26263	1
1050	1807	1
1050	1756	1
1050	1740	1
1050	1649	1
1050	11068	1
1050	23152	1
1050	79586	1
1050	8208	1
1050	1080	1
1050	1952	1
1050	930	1
1050	595	1
1050	830	1
1050	84933	1
1050	80739	1
1050	389941	1
1050	283870	1
1050	91748	1
1050	8553	1
1050	56970	1
1050	335	1
1050	1175	1
1050	241	1
988	220930	1
988	9724	1
988	51249	1
988	25928	1
988	10802	1
988	5140	1
988	4772	1
988	80218	1
988	51320	1
988	84693	1
988	9794	1
988	89884	1
988	9615	1
988	728833	1
988	653820	1
988	5168	1
988	120526	1
988	2491	1
988	54908	1
988	471	1
988	151188	1
988	9509	1
2186	54843	1
2186	6480	1
2186	6536	1
2186	25800	1
2186	51319	1
2186	6132	1
2186	5705	1
2186	5495	1
2186	79728	1
2186	4899	1
2186	4257	1
2186	56947	1
2186	28956	1
2186	64376	1
2186	26959	1
2186	26035	1
2186	26127	1
2186	79004	1
2186	493753	1
2186	220869	1
2186	55871	1
2186	522	1
2186	84320	1
8553	79862	1
8553	90809	1
8553	113510	1
8553	9694	1
8553	1995	1
60468	57688	1
60468	7538	1
60468	64743	1
60468	54532	1
60468	10844	1
60468	11075	1
60468	132671	1
60468	10991	1
60468	6510	1
60468	54440	1
60468	154075	1
60468	5801	1
60468	5339	1
60468	5188	1
60468	4929	1
60468	4311	1
60468	10299	1
60468	4035	1
60468	23240	1
60468	10765	1
60468	23254	1
60468	3090	1
60468	9001	1
60468	27069	1
60468	57704	1
60468	23710	1
60468	55294	1
60468	2027	1
60468	1981	1
60468	51207	1
60468	54606	1
60468	10663	1
60468	9547	1
60468	64651	1
60468	1294	1
60468	10164	1
60468	814	1
60468	29965	1
60468	221336	1
60468	84913	1
60468	468	1
60468	37	1
60468	55324	1
571	7791	1
571	55663	1
571	149076	1
571	339487	1
571	55720	1
571	30968	1
571	5413	1
571	23221	1
571	5567	1
571	8544	1
571	375189	1
571	256933	1
571	4314	1
571	4292	1
571	23139	1
571	22998	1
571	113220	1
571	57648	1
571	3184	1
571	79654	1
571	2931	1
571	1398	1
571	91689	1
571	226	1
22926	51042	1
22926	84107	1
22926	10430	1
22926	6722	1
22926	27044	1
22926	5250	1
22926	23623	1
22926	5862	1
22926	55660	1
22926	9360	1
22926	29085	1
22926	5101	1
22926	5080	1
22926	51079	1
22926	196264	1
22926	5604	1
22926	122953	1
22926	55806	1
22926	50809	1
22926	220988	1
22926	3119	1
22926	610	1
22926	2354	1
22926	11259	1
22926	2197	1
22926	285016	1
22926	23234	1
22926	63950	1
22926	1314	1
22926	128866	1
22926	571	1
22809	10009	1
22809	80232	1
22809	10844	1
22809	10194	1
22809	56889	1
22809	6996	1
22809	23648	1
22809	6720	1
22809	29106	1
22809	9667	1
22809	22838	1
22809	83732	1
22809	5863	1
22809	57048	1
22809	116154	1
22809	55824	1
22809	78990	1
22809	80224	1
22809	56675	1
22809	2908	1
22809	7025	1
22809	4783	1
22809	4750	1
22809	11253	1
22809	55631	1
22809	4026	1
22809	23240	1
22809	23247	1
22809	3781	1
22809	3726	1
22809	3181	1
22809	3090	1
22809	2710	1
22809	10211	1
22809	63939	1
22809	83648	1
22809	57724	1
22809	54749	1
22809	8661	1
22809	7266	1
22809	7919	1
22809	10521	1
22809	27254	1
22809	26504	1
22809	1105	1
22809	8535	1
22809	132321	1
22809	254863	1
22809	29965	1
22809	516	1
22809	79058	1
22809	408	1
22809	7920	1
468	10009	1
468	80232	1
468	10844	1
468	10194	1
468	56889	1
468	6996	1
468	23648	1
468	6720	1
468	150094	1
468	29106	1
468	9667	1
468	55197	1
468	22838	1
468	83732	1
468	5863	1
468	5743	1
468	57048	1
468	116154	1
468	55824	1
468	78990	1
468	80224	1
468	56675	1
468	4929	1
468	2908	1
468	7025	1
468	4750	1
468	11253	1
468	55631	1
468	4026	1
468	23240	1
468	23247	1
468	3781	1
468	3726	1
468	3248	1
468	3181	1
468	3090	1
468	64399	1
468	2710	1
468	10211	1
468	63939	1
468	83648	1
468	150864	1
468	57724	1
468	54749	1
468	8661	1
468	1843	1
468	7919	1
468	10521	1
468	1105	1
468	8535	1
468	132321	1
468	254863	1
468	29965	1
468	516	1
468	79058	1
468	408	1
468	7920	1
1386	51042	1
1386	84107	1
1386	51538	1
1386	55850	1
1386	55720	1
1386	92703	1
1386	10430	1
1386	22980	1
1386	6753	1
1386	27044	1
1386	5250	1
1386	6456	1
1386	23623	1
1386	60561	1
1386	5862	1
1386	55660	1
1386	8575	1
1386	10549	1
1386	5537	1
1386	23645	1
1386	9360	1
1386	79990	1
1386	29085	1
1386	5101	1
1386	5080	1
1386	51079	1
1386	196264	1
1386	26002	1
1386	5604	1
1386	3725	1
1386	122953	1
1386	3615	1
1386	55806	1
1386	50809	1
1386	220988	1
1386	610	1
1386	2354	1
1386	2353	1
1386	11259	1
1386	2197	1
1386	199870	1
1386	285016	1
1386	83460	1
1386	23234	1
1386	63950	1
1386	51339	1
1386	54205	1
1386	124936	1
1386	58191	1
1386	1314	1
1386	1366	1
1386	128866	1
1386	64781	1
1386	25901	1
1386	817	1
1386	796	1
1386	91689	1
1386	199990	1
1386	124944	1
1386	65057	1
1386	84448	1
466	463	1
466	7481	1
466	9101	1
466	29761	1
466	55236	1
466	27037	1
466	10293	1
466	22933	1
466	51092	1
466	7879	1
466	78994	1
466	9489	1
466	5178	1
466	4914	1
466	8715	1
466	8543	1
466	3975	1
466	200185	1
466	51194	1
466	3586	1
466	3069	1
466	2843	1
466	79893	1
466	93986	1
466	1958	1
466	23113	1
466	1407	1
466	152302	1
466	79586	1
466	1080	1
466	51265	1
466	222256	1
466	8900	1
466	221322	1
466	546	1
367	7422	1
367	6932	1
367	6774	1
367	5460	1
367	8031	1
367	4609	1
367	3572	1
367	3383	1
367	2962	1
367	1647	1
367	2168	1
367	10370	1
367	51129	1
367	51	1
196	23613	1
196	7546	1
196	9839	1
196	152002	1
196	123720	1
196	23355	1
196	128553	1
196	1200	1
196	23534	1
196	7124	1
196	7073	1
196	6907	1
196	23158	1
196	23648	1
196	6660	1
196	29886	1
196	4092	1
196	4091	1
196	9748	1
196	8402	1
196	6462	1
196	9644	1
196	57715	1
196	22902	1
196	80230	1
196	54665	1
196	23248	1
196	55197	1
196	494470	1
196	401190	1
196	5966	1
196	57148	1
196	5870	1
196	5790	1
196	10891	1
196	10687	1
196	11040	1
196	9063	1
196	375133	1
196	10424	1
196	5209	1
196	64324	1
196	2908	1
196	7026	1
196	4343	1
196	11343	1
196	79892	1
196	23162	1
196	6300	1
196	6416	1
196	4026	1
196	55885	1
196	90990	1
196	51780	1
196	3783	1
196	3775	1
196	3556	1
196	3486	1
196	3202	1
196	11100	1
196	51696	1
196	51564	1
196	9464	1
196	2664	1
196	151449	1
196	94033	1
196	94234	1
196	115548	1
196	55731	1
196	2130	1
196	157570	1
196	2027	1
196	1981	1
196	25778	1
196	22839	1
196	55454	1
196	8646	1
196	10659	1
196	11335	1
196	816	1
196	53335	1
196	127002	1
196	22809	1
196	408	1
196	396	1
196	83854	1
196	116988	1
196	134265	1
196	111	1
196	10121	1
196	641372	1
196	8086	1
25	55114	1
25	695	1
25	857	1
25	1385	1
25	1501	1
25	1643	1
25	2044	1
25	2047	1
25	9051	1
25	5777	1
25	7533	1
166	9627	1
196	8648	1
196	9612	1
196	7025	1
10189	7919	1
10189	51176	1
322	334	1
322	7024	1
322	7408	1
328	23520	1
328	2033	1
328	3091	1
328	3148	1
328	5111	1
328	7295	1
367	983	1
367	5594	1
367	4841	1
367	5901	1
367	8805	1
9915	2034	1
84164	79735	1
84164	81605	1
10973	9325	1
468	816	1
468	814	1
22926	4802	1
55729	2962	1
53335	7025	1
274	273	1
274	8853	1
274	1785	1
648	4297	1
672	84168	1
672	5440	1
672	5888	1
672	5928	1
10902	6256	1
10438	5591	1
10438	7257	1
57332	9001	1
988	8458	1
1059	10038	1
10036	23468	1
4261	79364	1
10370	8022	1
4849	23019	1
8161	79571	1
8161	3839	1
8161	60491	1
8161	10197	1
8161	9733	1
8161	55093	1
9318	60491	1
9318	7067	1
1385	25	1
1385	1107	1
1385	8721	1
1385	9261	1
1385	7431	1
148327	5567	1
9586	1387	1
1387	80279	1
1387	9586	1
1387	2113	1
1387	8841	1
1387	9314	1
1387	4487	1
1387	4602	1
1387	4673	1
1387	23054	1
1387	4780	1
1387	4774	1
1387	51701	1
1387	8554	1
1387	5449	1
1387	6777	1
1390	997	1
1390	1452	1
1390	6908	1
8048	6710	1
1487	659	1
1487	11278	1
1487	7050	1
1499	283149	1
1499	1006	1
1499	1501	1
1499	5175	1
1499	5777	1
1499	5792	1
1601	5300	1
1601	4088	1
1601	6714	1
1601	7048	1
1602	4088	1
1616	4217	1
1616	10445	1
1616	7329	1
9802	54855	1
9802	4005	1
9802	6233	1
9802	7314	1
1643	25	1
63948	7408	1
9988	896	1
1788	7329	1
1810	10589	1
10589	1810	1
1871	7030	1
1877	11186	1
8721	1385	1
8721	2494	1
8721	5578	1
10919	8260	1
2004	1432	1
2005	5600	1
80237	2495	1
2019	3725	1
2019	5080	1
2033	328	1
2033	65056	1
2033	3091	1
2033	3151	1
2033	8850	1
2033	3838	1
2033	9794	1
2033	4772	1
2033	8050	1
2033	10401	1
2033	5568	1
2033	5757	1
2033	6662	1
2033	9325	1
2033	7528	1
2034	9915	1
9700	5885	1
2099	627	1
2099	2314	1
2099	2885	1
2099	3727	1
2099	9862	1
2099	6881	1
2099	6908	1
2099	10155	1
2101	5580	1
2104	22899	1
2113	1387	1
2113	5449	1
2113	6777	1
2130	10007	1
2130	65997	1
2130	4089	1
2130	22884	1
2146	3065	1
2146	5694	1
2353	1386	1
2353	3569	1
2353	3725	1
8928	4087	1
2305	1017	1
2308	2099	1
8880	902	1
8880	1400	1
9513	80125	1
9513	26999	1
9513	22978	1
9513	7186	1
2623	23462	1
10691	26205	1
26205	10691	1
2960	6917	1
2962	367	1
2962	55729	1
2962	4609	1
2965	63971	1
2965	5295	1
2975	1123	1
2975	9329	1
2975	5602	1
9329	2975	1
9329	8290	1
26959	8819	1
3059	7454	1
3065	701	1
3065	2146	1
3065	55806	1
3065	23028	1
8841	7464	1
8841	1387	1
8841	4792	1
8841	8204	1
51564	9612	1
23462	2623	1
3090	23411	1
23119	5164	1
3091	328	1
3091	7818	1
3091	9978	1
28996	8850	1
28996	7080	1
28996	4824	1
28996	4087	1
28996	8717	1
3096	6310	1
3096	4088	1
3148	328	1
3150	5578	1
3151	2033	1
3151	8850	1
3151	6197	1
3172	1432	1
3172	55629	1
3172	4087	1
3172	10923	1
3172	9326	1
3184	23658	1
3184	2810	1
10236	2193	1
10236	6606	1
11100	4141	1
3206	5777	1
3219	6303	1
3239	4087	1
55806	3065	1
3298	6613	1
3299	5595	1
3397	862	1
3399	862	1
3399	6720	1
3428	7158	1
3551	4792	1
3621	25855	1
3621	84312	1
3621	5931	1
3621	7532	1
3665	29110	1
122953	1386	1
122953	3725	1
3725	1386	1
3725	2019	1
3725	122953	1
3725	10514	1
3725	4666	1
3725	7169	1
3726	5599	1
3726	4088	1
3726	4089	1
3727	2099	1
8850	2033	1
8850	28996	1
8850	3151	1
8850	4854	1
8850	4087	1
8850	7270	1
10524	3550	1
10524	9894	1
10657	10436	1
10657	5336	1
10657	5913	1
11278	1487	1
9314	1387	1
9079	8543	1
51176	10189	1
51176	3728	1
51176	51588	1
51176	4088	1
51176	4089	1
8022	10370	1
4005	9802	1
4005	4087	1
8543	9079	1
8543	10461	1
4010	6929	1
23764	4899	1
9794	2033	1
9794	4854	1
9782	8458	1
4149	8295	1
4152	9063	1
4152	4088	1
4152	4092	1
4171	8318	1
4171	1019	1
4171	4172	1
4171	4173	1
4171	4174	1
4171	4175	1
4171	23595	1
4172	8318	1
4172	4171	1
4172	4173	1
4172	4174	1
4172	23595	1
4173	8318	1
4173	983	1
4173	4171	1
4173	4172	1
4173	4175	1
4173	23595	1
4174	1029	1
4174	4171	1
4174	4172	1
4174	7532	1
4175	8318	1
4175	4171	1
4175	4173	1
4175	23595	1
4176	8290	1
4176	4792	1
4194	1452	1
4194	7321	1
5469	9968	1
5469	10891	1
9968	5469	1
9968	55090	1
51586	6310	1
51586	4088	1
9441	112950	1
9442	112950	1
112950	9441	1
112950	9442	1
112950	80145	1
4205	4089	1
4207	23523	1
4208	5598	1
4208	54345	1
4286	5595	1
4286	7942	1
57591	7329	1
57496	6722	1
4297	648	1
6945	11345	1
6945	22877	1
22877	6945	1
4487	1387	1
4487	8554	1
4487	7091	1
57504	2885	1
4602	51701	1
10514	3725	1
4609	983	1
4609	1029	1
4609	2962	1
4609	5594	1
4609	6598	1
4609	6932	1
26292	8165	1
26292	5764	1
8648	196	1
8648	10521	1
8648	7025	1
8648	2908	1
8648	10891	1
8031	367	1
23054	1387	1
23054	5914	1
9611	9975	1
9612	196	1
9612	1147	1
9612	51564	1
9612	7026	1
9612	2908	1
9612	5371	1
9612	5451	1
9612	862	1
9612	6907	1
9612	7531	1
4772	11261	1
4772	2033	1
4772	1432	1
4772	5530	1
4780	84181	1
4780	50813	1
4780	1387	1
4774	1387	1
4782	5989	1
4791	1147	1
4791	2908	1
4791	5966	1
4792	8841	1
4792	3551	1
4792	9641	1
4792	4176	1
4792	5295	1
4793	28511	1
4793	5441	1
4802	22926	1
7080	28996	1
4824	28996	1
4831	25843	1
9111	10302	1
9111	6663	1
4841	367	1
4841	30834	1
4853	5664	1
4854	8850	1
4854	9794	1
4854	5663	1
4855	6868	1
4855	23385	1
8431	7376	1
8431	9970	1
8431	5916	1
8431	6256	1
9975	9611	1
9975	9104	1
7376	8431	1
7376	6256	1
10062	23411	1
9970	8431	1
7182	1147	1
7182	10454	1
7182	7186	1
7025	196	1
7025	8648	1
7026	9612	1
7026	2908	1
2908	3932	1
2908	5599	1
2908	8648	1
2908	9612	1
2908	4791	1
2908	4088	1
3164	55160	1
4929	51588	1
2494	8721	1
2494	10957	1
4899	23764	1
8204	11007	1
8204	8841	1
8204	5914	1
142	23075	1
142	2547	1
5080	2019	1
5080	5087	1
5080	6597	1
5080	338917	1
79960	7337	1
8554	1387	1
8554	4487	1
8554	6777	1
9063	7919	1
9063	4152	1
9063	6772	1
9063	6773	1
10401	2033	1
10401	4087	1
51588	51176	1
51588	4929	1
51588	26135	1
51588	4088	1
51588	4089	1
51588	4092	1
51588	6772	1
51588	6773	1
5324	3838	1
5371	55743	1
5371	9612	1
5371	4088	1
5371	6996	1
5371	7048	1
55629	3172	1
5432	5441	1
5440	672	1
5441	4793	1
5441	5432	1
5449	1387	1
5449	2113	1
5450	5451	1
5451	9612	1
5451	2908	1
5460	367	1
10891	55294	1
10891	5469	1
10891	8648	1
10891	23411	1
639	6310	1
5757	2033	1
5757	8370	1
5757	3838	1
5757	5111	1
9232	991	1
9232	6204	1
5888	672	1
25788	5682	1
26064	9638	1
5914	896	1
5914	23054	1
5914	23013	1
5916	8431	1
5916	6256	1
5928	672	1
5931	25855	1
5931	84312	1
5931	3621	1
5933	890	1
5934	10741	1
5934	4087	1
10432	6895	1
10179	10656	1
27316	1153	1
5966	5599	1
5981	5111	1
5989	4782	1
6018	55660	1
9604	55603	1
6095	79364	1
51773	8467	1
862	51225	1
862	3397	1
862	3399	1
862	9612	1
862	56893	1
864	4088	1
8607	86	1
6256	10902	1
6256	8431	1
6256	7376	1
6256	5916	1
6258	5468	1
6258	6722	1
8819	9541	1
8819	26959	1
8819	7528	1
51282	7589	1
22955	25843	1
22955	1912	1
23411	3090	1
23411	10062	1
23411	10891	1
22933	7277	1
4087	26286	1
4087	8881	1
4087	8065	1
4087	55827	1
4087	1778	1
4087	55914	1
4087	8928	1
4087	28996	1
4087	3172	1
4087	3239	1
4087	8850	1
4087	4005	1
4087	9972	1
4087	10401	1
4087	23682	1
4087	51285	1
4087	5934	1
4087	9978	1
4087	6016	1
4087	6093	1
4087	6208	1
4087	6233	1
4087	11171	1
4087	7052	1
4088	1601	1
4088	1602	1
4088	3096	1
4088	3308	1
4088	3726	1
4088	5599	1
4088	4152	1
4088	51586	1
4088	2908	1
4088	51588	1
4088	5371	1
4088	5518	1
4088	10048	1
4088	864	1
4088	4089	1
4088	4092	1
4088	7048	1
4088	9839	1
4089	2130	1
4089	10457	1
4089	3726	1
4089	51176	1
4089	5603	1
4089	4205	1
4089	10783	1
4089	8021	1
4089	51588	1
4089	5898	1
4089	8767	1
4089	4088	1
4089	114790	1
4089	6934	1
4089	6996	1
4089	7030	1
4089	7048	1
4089	65264	1
4090	392255	1
4091	4088	1
4091	4092	1
4091	10454	1
4091	7124	1
4092	51523	1
4092	4152	1
4092	51588	1
4092	54440	1
4092	4088	1
4092	4091	1
4092	6660	1
4092	57559	1
4092	10454	1
4092	7048	1
4092	7124	1
6595	6760	1
6597	2175	1
6597	10200	1
6597	5080	1
6597	6794	1
8467	51773	1
6598	4609	1
6598	5501	1
6602	11007	1
6602	9638	1
10302	79184	1
10302	9111	1
79753	26036	1
6628	25929	1
6628	26058	1
6628	6634	1
6663	9111	1
6663	6613	1
6663	6612	1
6660	4092	1
6662	2033	1
23013	5914	1
6720	6310	1
6720	3101	1
6720	3399	1
6722	22926	1
6722	1397	1
6722	2275	1
6722	57496	1
6427	9406	1
8683	5940	1
6741	4691	1
6772	7852	1
6772	3560	1
6772	3815	1
6772	3932	1
6772	5156	1
6772	9063	1
6772	51588	1
6772	5519	1
6772	5521	1
6772	6714	1
6772	6773	1
6773	7852	1
6773	9063	1
6773	51588	1
6773	5518	1
6773	5519	1
6773	5521	1
6773	6772	1
6774	367	1
6774	5594	1
6774	5879	1
6776	5595	1
6776	5515	1
6777	2113	1
6777	2322	1
6777	3575	1
6777	5159	1
6777	8554	1
10923	3172	1
10147	6310	1
11198	3020	1
6827	7520	1
6872	55723	1
6872	6908	1
6881	2099	1
6881	6908	1
6883	6873	1
6883	129685	1
6884	29894	1
6884	8148	1
8148	6884	1
8148	6877	1
6877	29894	1
6877	8148	1
6895	27161	1
6895	10432	1
6907	9612	1
6908	55290	1
6908	1390	1
6908	2099	1
6908	6872	1
6908	6881	1
6917	9541	1
6917	55840	1
6917	2960	1
6929	4010	1
6934	3728	1
6934	4089	1
7024	322	1
7030	1871	1
7030	4089	1
7942	4286	1
7041	2185	1
7050	1487	1
7050	5595	1
7067	9318	1
7088	1031	1
7088	5272	1
7155	7514	1
7155	7520	1
7158	3428	1
6737	60491	1
8805	367	1
5987	57596	1
10155	2099	1
22954	29979	1
9319	4267	1
9319	1312	1
9319	64081	1
9325	10973	1
9325	2033	1
7205	79843	1
7205	2275	1
8295	4149	1
8848	60492	1
8848	7786	1
8458	988	1
8458	3178	1
8458	9782	1
7343	5595	1
5976	7920	1
5976	8661	1
5976	8662	1
5976	84572	1
5976	23248	1
5976	6780	1
7428	11236	1
7428	10168	1
51729	26058	1
51729	5501	1
56949	57685	1
7520	10397	1
7520	5111	1
7520	151648	1
7520	6827	1
7520	7155	1
2547	65057	1
2547	4809	1
2547	142	1
4904	3658	1
4904	5111	1
7528	2287	1
7528	8819	1
9839	4088	1
7538	80153	1
7538	8021	1
23414	56893	1
10168	7428	1
7775	55663	1
10127	1856	1
10127	90933	1
79797	8940	1
55663	7775	1
26036	55660	1
26036	79753	1
9726	7329	1
79027	4591	1
115509	3192	1
7553	6129	1
9326	3172	1
30834	4841	1
9406	6427	1
7589	51282	1
