100133941
10164
10221
10319
10537
10653
107
1071
10877
10891
11075
11199
123264
127435
129807
140606
1409
152519
1544
1551
1557
168002
1728
1805
2167
2182
2220
22865
23460
23584
2532
25984
26577
27111
27122
2719
285016
2877
2934
3119
3136
338094
339390
3399
3483
3489
3490
3512
3557
3575
358
3627
3781
3908
3949
3959
3960
400578
400618
4070
414062
4239
4256
4283
4316
4494
4495
4496
4499
5010
5054
51237
51266
51280
51473
5156
5168
5320
54102
54997
56241
56667
56925
57007
57016
57111
5858
6095
6286
6344
6348
6349
6363
6366
6368
6372
64072
6425
6578
6662
6696
7103
730
7852
79670
79679
80114
80201
80310
81539
84171
84707
84735
8547
8685
8736
8912
9023
9071
94234
9611
9719
