10
100126798
100133941
10020
10024
10055
10094
10112
10135
10144
10150
10164
10171
10249
10262
10307
1033
10400
10402
10449
10486
1050
10535
10537
10584
10590
10599
1063
10635
10643
1066
107
1071
10720
10721
10733
10747
10840
10877
10878
10891
10894
10912
10993
10998
11067
11082
1109
11185
11199
113130
11339
115908
116832
116844
119467
120224
121643
123264
124
124222
125
126
127
1277
1278
1282
1290
129807
130
1306
1318
132299
132884
133
133686
1356
1361
1393
1438
145482
147
147841
148534
1486
150468
1519
154
1544
1548
1549
1551
1557
1558
1559
1562
1571
1573
1576
1577
1579
1582
1592
160728
161247
1621
1622
1634
1667
1668
1675
170392
171425
1723
1728
173
1776
18
1805
1827
1842
1870
1893
1958
1962
2
200312
200810
202151
203111
2053
2099
2110
2158
217
2171
2180
2182
2194
220
220296
2212
2220
222962
2237
2243
2266
22822
22837
22849
22865
22977
22994
2306
23316
23327
23460
23464
2353
2354
2357
23708
23710
23743
249
2531
2534
2547
256394
25891
25924
259266
26007
26255
2628
26355
2643
2690
26998
27141
27165
2719
27232
277
28234
283377
283537
283600
284013
284111
285966
2877
29089
29127
29128
2920
2938
29901
29968
29974
2998
3003
3015
302
3040
3043
3078
3080
3083
3131
3155
316
3161
319
3240
3242
325
3250
3263
3290
33
3321
338094
339390
339451
3398
3426
345275
346
348158
3483
3484
35
350
3512
353322
3557
3598
366
3706
3781
3795
3818
383
3833
387763
387775
388
388372
388610
389434
390
3925
392636
3929
3931
3949
3950
3960
3990
400578
401494
4018
4061
4070
4085
414062
4143
4153
4170
4171
4172
4173
4174
4175
4176
4239
4311
4318
4320
4329
4430
4482
4489
4493
4494
4495
4496
4499
4500
4501
4502
4609
4613
4616
476
4774
4837
4908
4942
5033
5050
5054
5091
51053
51156
51166
51179
51203
51266
51268
51302
51316
51512
5156
51659
5166
5168
51703
51716
5199
5292
5307
5340
5343
5348
54363
54407
5444
5446
54463
54566
54657
54658
54659
54884
54941
54988
54997
5502
55076
55089
55222
55227
552900
55353
55355
554235
55506
5552
55576
55600
55765
558
55908
55930
5625
563
5649
5652
56521
56667
56969
57016
57134
57142
5730
57393
57413
5743
57447
5745
5757
57600
57733
57817
57834
5816
5858
587
590
5959
5984
6095
6138
6176
6272
6279
6280
6281
6286
6288
6291
6296
6307
6309
6342
6347
6348
6349
6360
6363
6368
6370
6387
64072
64077
64081
6414
64151
64231
64388
64651
6470
64838
64902
64943
65124
65266
653808
6554
656
6578
6580
6595
6628
6690
6694
6696
6716
6718
6790
6819
682
6898
692084
7069
7070
7083
710
7114
715
7153
716
7169
721
722
7272
7276
729
7298
730
731
735
7365
7433
7546
7881
78989
79019
79054
79174
79670
79974
80115
80201
81620
8318
83483
83604
83716
83854
83879
8406
84171
8424
84619
84649
847
84735
84790
84798
84803
84873
84879
8529
8547
8608
8630
8631
8644
8659
8685
8801
8835
8858
890
899
9021
9055
91057
9133
9156
91614
91937
9212
922
92292
92304
9232
9314
9315
9319
9332
94234
947
9514
9547
9568
9611
9697
9735
983
9833
991
9920
9936
9941
