10050
10164
10307
10409
10486
1050
10537
10584
10653
107
1071
10875
10894
10912
10962
10991
11033
11067
11199
120224
123264
1238
125
129807
133
133584
1366
1393
1409
1436
151531
154
1544
1551
1556
1557
1571
1583
1621
1634
1646
1667
1668
1675
169355
1728
1776
1805
1910
1951
1958
199
200810
2027
2167
2182
2194
2195
2220
22822
22865
22915
23179
2353
2354
2357
252995
256764
25891
259266
26227
26232
26577
27111
2719
28234
2877
2934
29763
29800
29881
338094
339221
339390
3429
343
343071
346606
3483
3486
3557
3627
3781
387763
387775
3880
388372
3931
3949
3960
400578
400867
4070
4100
4239
4316
4490
4494
4499
4628
4629
4774
4942
5020
51266
51280
5129
51302
51316
51471
5178
5244
5292
5414
54575
54577
5502
55214
55222
55343
5552
55576
55600
558
55803
55843
55908
56521
56667
57016
57134
57214
5730
5745
57532
5858
5866
59272
5947
6004
6272
6279
6280
6281
6286
6368
6387
64231
64850
65266
6578
65982
6690
6819
7049
7053
7057
7103
714
715
72
728358
7433
771
7881
79007
80201
8022
80303
80833
8153
83716
8406
84419
84735
8547
8638
8644
8685
8835
8842
8910
8912
9021
90865
91937
92304
9235
9332
9355
9506
9547
9611
9651
9920
