10164
10409
10653
1071
10875
113675
120224
123264
133584
1366
1409
151531
1544
1551
1556
1557
1571
1576
1621
1634
1667
1668
1776
1805
1958
2182
2195
220
220296
2220
22822
22865
22915
23151
2353
2354
25891
26220
26232
26577
2719
28234
2877
2934
3003
3006
338094
339390
3429
343071
3483
3486
3512
3575
3627
3781
3880
3931
3934
3960
400578
400867
414062
4239
4256
4311
4316
4494
4496
4499
4629
4792
5054
51266
51280
5178
5320
5414
5502
5552
55576
558
5625
5649
56521
56667
57007
57016
57134
5730
5743
5745
5858
59
5997
6279
6280
6347
6348
6349
6352
6363
6366
6368
6387
64231
64743
64850
65266
65982
6690
6694
6716
6876
692084
7053
7057
7102
72
728358
7433
78989
79007
796
79974
80201
83716
8406
84171
84735
8547
8685
8842
8910
8912
91937
92304
94234
9547
9611
969
9719
