10050
10164
10307
1050
10537
10584
107
1071
10878
10894
10974
11199
113130
120224
123264
1277
1278
1282
129807
1306
133
133584
1393
1409
151531
1544
1548
1551
1557
1571
1583
1621
1634
1646
1667
1668
168002
170712
1776
1805
1893
1910
1951
1958
200810
203328
2167
2182
2195
220296
2220
22822
22865
22915
23460
2353
2354
23708
256764
25891
259266
26232
26255
2628
26577
2719
28234
2877
2934
29763
29881
3136
3161
319
3250
338094
339390
3429
343
343071
345275
3483
3486
35
3557
3627
3781
387763
387775
3880
388372
388403
390
3931
3934
3949
3960
400578
4070
414062
4239
4283
4311
4494
4495
4496
4499
50509
5054
51166
51179
51266
51280
51302
5178
5284
5292
5320
5414
54463
5502
55576
55600
5625
5649
5652
56521
56667
57016
57134
57393
5743
5745
57532
57817
5858
590
6279
6281
6309
6348
6368
6387
64072
64651
64850
65124
65266
6578
65982
6690
6716
6790
682
692084
7057
7070
715
7153
721
728358
7433
7546
760
79007
79974
80115
80201
80303
80833
83716
83854
8406
84418
84419
84735
8547
8644
8685
8835
8842
8876
8912
9021
9055
9071
9175
91937
92304
9232
947
9506
9547
9611
991
9920
9936
