10
100133941
10020
10067
10112
10135
10144
10150
10158
10164
10166
10171
10178
1019
1020
10221
10243
10246
10249
10253
10257
10262
10268
1029
1033
10350
10351
1036
10376
10400
10402
10409
10424
10449
10455
10486
1050
10535
10537
1058
10584
10590
10599
1063
10635
10642
10643
1066
107
1071
10712
10720
10721
10747
10788
10840
10841
10877
10878
10891
10894
10903
10912
10962
10963
10970
10979
10993
10998
11004
11067
11082
1109
11185
11199
112464
112770
112817
113130
11326
11339
115908
116028
1163
116519
116832
116842
116844
119467
1201
120224
123264
124
124222
125
1259
126
127
1277
1278
1282
129807
130
1306
1312
132884
133
133584
133686
134526
1356
1361
1369
1373
1393
140606
140809
1438
144193
145482
147
147841
1486
1491
150094
150468
151126
1519
152519
154
1544
1548
154881
1549
1557
1558
1559
1562
1571
1573
1576
1577
1579
1582
1592
1593
1604
160728
161247
1621
1622
162967
1634
1667
1668
1675
1687
169044
170392
170712
171425
1723
1728
173
1776
18
1807
1827
1842
1843
1847
185
1870
189
1893
1951
1958
1962
197
2
200312
200810
202151
2027
2028
203111
203569
2053
2099
211
2110
2113
2114
2155
2158
2160
2161
217
2180
2182
2189
219623
220296
2203
2212
221322
2220
2237
2243
2244
226
2266
2267
22809
22822
22837
22849
22885
229
22936
22974
22977
22994
23034
2306
2308
23086
23151
23213
2326
2328
2330
23316
2346
23460
23464
23516
2353
2354
23541
23569
2357
23623
23645
23710
23729
23743
24137
249
252839
2534
2538
2539
2542
2547
254863
256394
256764
2576
2577
25819
25840
25891
25902
25924
259266
2597
25987
26007
26146
26255
2628
2629
2634
26355
2639
2642
2643
2646
26471
269
2690
26998
2706
27115
27141
27165
27175
2719
27232
2729
27329
2746
277
2805
28234
283
283375
283377
283537
283600
284013
284111
284439
284541
285189
285440
285966
286053
286343
286499
2875
2882
2908
29089
29127
29128
2920
2941
29881
29899
29901
29947
29968
29974
2998
30
3015
302
3033
3034
3040
3043
3078
3080
3083
3131
3155
316
3161
319
32
3240
3242
3248
325
3250
3263
3273
3290
3294
33
3321
3326
335
3373
338094
339390
339451
3397
3398
3426
345275
346
348158
3483
3484
3486
3491
35
350
352954
353322
3553
3557
3598
36
3627
366
3697
3699
3700
3706
3725
375318
375612
375775
3764
3781
3795
3818
383
3833
387763
387775
388
388372
388403
388595
388610
389434
389860
390
3925
392636
3931
3934
3949
3950
3953
3960
3990
4000
400578
400618
401494
4018
4051
4061
4070
4100
414
414062
4143
414328
4153
4171
4172
4173
4175
4176
4239
4255
4283
4311
4318
432
4320
4329
433
4430
445
4482
4485
4489
4493
4494
4495
4496
4499
4500
4501
4502
4522
4547
4609
4616
4758
476
4783
4837
4908
4913
4929
4942
5005
5020
5033
5050
5054
5091
5105
5106
51156
51166
51170
51179
5118
51181
51186
51203
51266
51268
51302
51316
51380
51435
5156
51655
5166
51660
51678
5168
51703
51733
5178
5199
5264
5292
5307
53354
5340
5343
5345
5347
5348
54083
5414
54206
54363
54407
5444
5446
54463
54566
54657
54658
54749
5476
5479
548645
54923
54941
54988
55002
55020
55034
55076
55089
55107
55132
55143
55214
55227
552900
55329
55353
55355
554235
5552
5557
55576
55600
55638
55753
55755
55765
558
55872
55897
55930
5603
5624
563
5646
5648
5649
5652
56521
56548
56667
56892
56969
570
57016
5708
5710
57134
57142
57172
5723
57393
57413
5743
5745
57559
5757
57600
57643
57648
57733
57817
5816
5827
5834
58510
58528
5858
5860
590
59277
5947
595
5950
5959
5984
5993
60370
607
6095
6138
6176
6272
6279
6281
6286
6288
6291
6296
6307
6309
6342
6347
6348
6349
635
6360
6368
6387
63941
64072
64077
64081
6414
64151
64231
64388
645037
645073
64577
6462
64651
6470
64761
64816
64850
64902
649946
65010
6512
65123
65124
6514
6518
65265
653808
6539
6542
6554
656
6580
66002
6653
6662
6690
6694
6696
6713
6715
6716
6718
6746
677
6790
6819
682
6822
6890
6898
6906
692084
6999
7036
7049
7053
7057
7064
7069
7070
7083
7086
710
7102
7103
7113
7114
714
715
7153
7169
7172
718
722
7272
7276
728358
729
7296
7298
730
731
732
7345
735
7360
7363
7365
7367
7371
7433
7534
7538
7546
760
763
771
7846
7881
78989
78995
79019
79022
79054
79071
79670
79831
79974
800
80115
80178
80201
80303
80704
81494
81539
81610
81620
8270
8318
83604
8365
83658
83854
83879
8406
8407
84129
84134
84141
84171
8424
84310
84419
84619
84640
84693
847
8470
84706
84707
84735
84790
84803
84848
84869
84873
84879
84913
8529
8547
8564
8608
8630
8631
8644
8659
8682
8685
8736
874
875
8835
8858
890
8912
8933
8942
8985
899
9021
9055
9075
9079
90865
91057
9119
9133
9156
91614
9172
91937
9212
922
92292
9232
9245
929
9314
9319
9332
9380
947
9547
9611
9719
9735
9819
983
9833
991
9918
9920
9936
9941
995
9962
9970
